Кол операций  Номер точки
10 842
10 844
10 863
10 1255
10 1918
10 2610
10 2656
10 2844
10 3180
10 3393
10 3394
10 3443
10 4293
10 5411
10 6029
10 6227
10 6293
10 6298
10 7260
10 7540
10 7814
10 8449
10 8541
10 8826
10 8955
10 9835
9 2874
8 78
8 108
8 128
8 154
8 166
8 170
8 193
8 221
8 274
8 351
8 456
8 526
8 537
8 544
8 580
8 604
8 611
8 671
8 701
8 729
8 775
8 780
8 788
8 920
8 941
8 986
8 1004
8 1005
8 1052
8 1060
8 1204
8 1219
8 1236
8 1260
8 1300
8 1302
8 1338
8 1378
8 1435
8 1482
8 1488
8 1492
8 1513
8 1549
8 1556
8 1587
8 1645
8 1693
8 1797
8 1873
8 1937
8 1947
8 1973
8 2030
8 2196
8 2200
8 2280
8 2397
8 2434
8 2459
8 2484
8 2491
8 2515
8 2531
8 2553
8 2564
8 2644
8 2711
8 2716
8 2777
8 2850
8 2877
8 2894
8 2910
8 2956
8 2989
8 3031
8 3071
8 3103
8 3105
8 3287
8 3303
8 3374
8 3419
8 3421
8 3437
8 3496
8 3499
8 3647
8 3691
8 3731
8 3734
8 3748
8 3765
8 3784
8 3821
8 3828
8 3838
8 3907
8 3924
8 3947
8 3953
8 3974
8 3997
8 4107
8 4146
8 4184
8 4190
8 4217
8 4222
8 4240
8 4281
8 4333
8 4347
8 4371
8 4374
8 4385
8 4392
8 4394
8 4401
8 4413
8 4422
8 4428
8 4440
8 4491
8 4502
8 4520
8 4538
8 4539
8 4568
8 4707
8 4737
8 4772
8 4792
8 4800
8 4827
8 4860
8 4916
8 4959
8 4986
8 4990
8 4995
8 5012
8 5054
8 5120
8 5130
8 5147
8 5158
8 5188
8 5265
8 5292
8 5297
8 5318
8 5324
8 5441
8 5459
8 5480
8 5481
8 5489
8 5530
8 5552
8 5569
8 5700
8 5734
8 5750
8 5779
8 5793
8 5810
8 5837
8 5856
8 5874
8 5895
8 6030
8 6083
8 6091
8 6117
8 6126
8 6170
8 6204
8 6226
8 6237
8 6282
8 6314
8 6350
8 6453
8 6459
8 6485
8 6501
8 6510
8 6523
8 6539
8 6546
8 6549
8 6603
8 6611
8 6652
8 6663
8 6721
8 6779
8 6855
8 6941
8 6965
8 6975
8 6997
8 7012
8 7019
8 7050
8 7088
8 7104
8 7119
8 7139
8 7163
8 7177
8 7202
8 7226
8 7255
8 7313
8 7335
8 7348
8 7391
8 7402
8 7423
8 7430
8 7541
8 7600
8 7612
8 7656
8 7665
8 7750
8 7754
8 7758
8 7761
8 7802
8 7804
8 7871
8 7952
8 7953
8 8068
8 8162
8 8375
8 8433
8 8475
8 8486
8 8491
8 8600
8 8628
8 8632
8 8639
8 8648
8 8671
8 8680
8 8698
8 8793
8 8801
8 8818
8 8825
8 8840
8 8855
8 8872
8 8910
8 8917
8 8984
8 9023
8 9061
8 9205
8 9236
8 9252
8 9302
8 9329
8 9357
8 9434
8 9443
8 9525
8 9535
8 9537
8 9693
8 9785
8 9799
8 9817
8 9828
8 9853
8 9867
8 9871
8 9889
8 9898
8 9924
8 9948
8 9957
8 9958
8 9994
7 3
7 10
7 11
7 15
7 28
7 31
7 54
7 59
7 74
7 76
7 87
7 89
7 121
7 161
7 164
7 196
7 264
7 271
7 282
7 297
7 301
7 305
7 307
7 326
7 333
7 408
7 415
7 421
7 425
7 469
7 473
7 481
7 488
7 492
7 493
7 503
7 517
7 520
7 527
7 538
7 554
7 564
7 586
7 600
7 602
7 621
7 624
7 633
7 640
7 646
7 657
7 659
7 661
7 665
7 683
7 685
7 702
7 706
7 707
7 717
7 719
7 722
7 730
7 741
7 755
7 758
7 769
7 778
7 783
7 814
7 835
7 837
7 857
7 895
7 899
7 901
7 908
7 912
7 916
7 949
7 985
7 988
7 998
7 1003
7 1011
7 1034
7 1054
7 1062
7 1066
7 1072
7 1107
7 1124
7 1155
7 1164
7 1165
7 1168
7 1171
7 1184
7 1215
7 1235
7 1257
7 1264
7 1278
7 1285
7 1293
7 1295
7 1310
7 1325
7 1347
7 1350
7 1351
7 1365
7 1371
7 1374
7 1387
7 1390
7 1391
7 1395
7 1400
7 1420
7 1432
7 1437
7 1454
7 1476
7 1478
7 1498
7 1504
7 1527
7 1534
7 1540
7 1551
7 1552
7 1584
7 1589
7 1644
7 1646
7 1648
7 1649
7 1657
7 1680
7 1691
7 1692
7 1706
7 1721
7 1740
7 1761
7 1766
7 1800
7 1803
7 1807
7 1810
7 1819
7 1823
7 1826
7 1830
7 1834
7 1839
7 1840
7 1845
7 1871
7 1902
7 1915
7 1919
7 1923
7 1928
7 1930
7 1954
7 1963
7 1970
7 1980
7 1984
7 1986
7 1993
7 1995
7 2003
7 2007
7 2027
7 2038
7 2053
7 2061
7 2066
7 2071
7 2079
7 2080
7 2083
7 2102
7 2109
7 2119
7 2126
7 2128
7 2130
7 2147
7 2149
7 2153
7 2155
7 2172
7 2174
7 2207
7 2209
7 2239
7 2281
7 2338
7 2360
7 2361
7 2376
7 2402
7 2410
7 2420
7 2446
7 2469
7 2501
7 2504
7 2519
7 2525
7 2532
7 2579
7 2585
7 2589
7 2590
7 2611
7 2612
7 2615
7 2622
7 2639
7 2681
7 2685
7 2690
7 2694
7 2736
7 2757
7 2764
7 2766
7 2773
7 2778
7 2782
7 2798
7 2806
7 2808
7 2811
7 2812
7 2816
7 2828
7 2830
7 2841
7 2845
7 2855
7 2856
7 2863
7 2868
7 2869
7 2895
7 2904
7 2938
7 2941
7 2949
7 2961
7 2977
7 2981
7 3002
7 3004
7 3006
7 3008
7 3013
7 3016
7 3021
7 3022
7 3026
7 3049
7 3055
7 3064
7 3091
7 3106
7 3110
7 3111
7 3118
7 3141
7 3144
7 3150
7 3158
7 3164
7 3188
7 3198
7 3206
7 3208
7 3214
7 3218
7 3225
7 3248
7 3253
7 3276
7 3294
7 3299
7 3300
7 3310
7 3311
7 3318
7 3321
7 3345
7 3363
7 3378
7 3413
7 3459
7 3462
7 3491
7 3545
7 3547
7 3555
7 3580
7 3589
7 3628
7 3662
7 3673
7 3680
7 3683
7 3689
7 3696
7 3703
7 3706
7 3714
7 3724
7 3743
7 3744
7 3758
7 3766
7 3767
7 3798
7 3822
7 3826
7 3833
7 3858
7 3863
7 3873
7 3878
7 3909
7 3910
7 3925
7 3930
7 3951
7 3959
7 3973
7 4005
7 4008
7 4010
7 4020
7 4021
7 4034
7 4054
7 4055
7 4064
7 4069
7 4075
7 4103
7 4110
7 4122
7 4125
7 4130
7 4139
7 4147
7 4150
7 4178
7 4214
7 4236
7 4246
7 4263
7 4271
7 4276
7 4280
7 4292
7 4307
7 4322
7 4329
7 4331
7 4386
7 4411
7 4420
7 4441
7 4447
7 4461
7 4467
7 4473
7 4479
7 4488
7 4509
7 4512
7 4553
7 4564
7 4567
7 4578
7 4579
7 4581
7 4588
7 4596
7 4597
7 4614
7 4634
7 4637
7 4642
7 4650
7 4651
7 4652
7 4662
7 4694
7 4706
7 4711
7 4756
7 4771
7 4773
7 4794
7 4849
7 4866
7 4882
7 4906
7 4930
7 4932
7 4948
7 4981
7 4987
7 4988
7 4991
7 5005
7 5018
7 5028
7 5071
7 5073
7 5117
7 5121
7 5138
7 5140
7 5148
7 5167
7 5182
7 5192
7 5205
7 5208
7 5218
7 5225
7 5230
7 5249
7 5250
7 5263
7 5280
7 5320
7 5344
7 5369
7 5384
7 5386
7 5387
7 5409
7 5414
7 5447
7 5456
7 5464
7 5483
7 5484
7 5493
7 5496
7 5503
7 5516
7 5520
7 5573
7 5585
7 5595
7 5596
7 5605
7 5635
7 5654
7 5662
7 5673
7 5677
7 5683
7 5707
7 5709
7 5711
7 5716
7 5751
7 5754
7 5759
7 5768
7 5771
7 5777
7 5780
7 5782
7 5785
7 5799
7 5806
7 5820
7 5830
7 5834
7 5839
7 5855
7 5857
7 5873
7 5878
7 5879
7 5889
7 5893
7 5897
7 5926
7 5939
7 5945
7 5966
7 5988
7 6003
7 6017
7 6027
7 6036
7 6072
7 6073
7 6082
7 6119
7 6132
7 6141
7 6143
7 6183
7 6184
7 6190
7 6193
7 6222
7 6235
7 6244
7 6249
7 6250
7 6253
7 6274
7 6290
7 6308
7 6310
7 6317
7 6319
7 6331
7 6332
7 6352
7 6353
7 6355
7 6359
7 6388
7 6394
7 6396
7 6398
7 6402
7 6416
7 6438
7 6439
7 6447
7 6454
7 6466
7 6480
7 6493
7 6506
7 6514
7 6536
7 6548
7 6554
7 6566
7 6571
7 6573
7 6581
7 6589
7 6615
7 6648
7 6680
7 6699
7 6704
7 6711
7 6718
7 6724
7 6739
7 6754
7 6757
7 6761
7 6766
7 6775
7 6788
7 6796
7 6821
7 6824
7 6830
7 6888
7 6894
7 6902
7 6922
7 6929
7 6933
7 6944
7 6968
7 6969
7 6970
7 6979
7 6990
7 6998
7 7007
7 7008
7 7032
7 7033
7 7045
7 7089
7 7090
7 7096
7 7125
7 7134
7 7185
7 7198
7 7205
7 7210
7 7232
7 7236
7 7246
7 7273
7 7290
7 7305
7 7322
7 7344
7 7353
7 7356
7 7384
7 7394
7 7412
7 7420
7 7445
7 7463
7 7469
7 7482
7 7498
7 7507
7 7531
7 7571
7 7586
7 7604
7 7619
7 7625
7 7626
7 7631
7 7642
7 7648
7 7654
7 7664
7 7666
7 7667
7 7675
7 7707
7 7713
7 7725
7 7738
7 7752
7 7819
7 7824
7 7829
7 7834
7 7888
7 7892
7 7911
7 7926
7 7937
7 7947
7 7958
7 7972
7 7979
7 7982
7 8006
7 8009
7 8023
7 8031
7 8034
7 8059
7 8065
7 8088
7 8099
7 8101
7 8129
7 8131
7 8153
7 8178
7 8184
7 8193
7 8213
7 8214
7 8234
7 8262
7 8271
7 8274
7 8280
7 8293
7 8320
7 8322
7 8326
7 8327
7 8337
7 8342
7 8358
7 8368
7 8391
7 8392
7 8415
7 8437
7 8440
7 8456
7 8458
7 8468
7 8473
7 8493
7 8498
7 8499
7 8502
7 8527
7 8543
7 8547
7 8590
7 8599
7 8619
7 8625
7 8626
7 8638
7 8640
7 8663
7 8681
7 8691
7 8717
7 8744
7 8747
7 8750
7 8765
7 8769
7 8776
7 8806
7 8809
7 8846
7 8863
7 8876
7 8892
7 8895
7 8896
7 8909
7 8920
7 8923
7 8927
7 8930
7 8941
7 8946
7 8947
7 8969
7 8976
7 8977
7 8986
7 9007
7 9019
7 9045
7 9053
7 9069
7 9096
7 9098
7 9110
7 9116
7 9118
7 9134
7 9135
7 9182
7 9192
7 9195
7 9197
7 9203
7 9208
7 9217
7 9223
7 9224
7 9255
7 9279
7 9298
7 9305
7 9307
7 9396
7 9402
7 9407
7 9423
7 9510
7 9512
7 9520
7 9524
7 9541
7 9547
7 9554
7 9561
7 9570
7 9572
7 9573
7 9580
7 9613
7 9636
7 9665
7 9685
7 9752
7 9761
7 9770
7 9771
7 9779
7 9795
7 9803
7 9821
7 9830
7 9872
7 9874
7 9879
7 9887
7 9902
7 9908
7 9919
7 9968
7 9981
7 9983
7 9986
7 9995
6 18
6 26
6 37
6 42
6 60
6 61
6 62
6 70
6 75
6 80
6 91
6 119
6 120
6 127
6 132
6 134
6 141
6 145
6 147
6 150
6 152
6 169
6 178
6 187
6 188
6 189
6 190
6 191
6 192
6 201
6 202
6 205
6 224
6 233
6 241
6 251
6 252
6 257
6 259
6 261
6 276
6 278
6 281
6 285
6 287
6 291
6 292
6 294
6 299
6 313
6 318
6 319
6 321
6 322
6 325
6 334
6 335
6 340
6 342
6 350
6 359
6 386
6 389
6 392
6 393
6 422
6 438
6 455
6 457
6 458
6 465
6 472
6 480
6 511
6 513
6 516
6 519
6 524
6 525
6 570
6 571
6 572
6 588
6 596
6 603
6 605
6 609
6 628
6 632
6 653
6 655
6 669
6 670
6 673
6 686
6 689
6 703
6 708
6 710
6 713
6 724
6 728
6 735
6 740
6 744
6 756
6 763
6 770
6 774
6 787
6 790
6 805
6 808
6 809
6 827
6 830
6 834
6 839
6 848
6 851
6 864
6 866
6 872
6 881
6 893
6 896
6 903
6 904
6 905
6 907
6 918
6 921
6 931
6 932
6 937
6 939
6 944
6 947
6 972
6 973
6 979
6 980
6 983
6 990
6 993
6 995
6 1000
6 1007
6 1008
6 1013
6 1021
6 1023
6 1025
6 1027
6 1033
6 1037
6 1040
6 1048
6 1051
6 1064
6 1076
6 1083
6 1084
6 1092
6 1094
6 1096
6 1098
6 1099
6 1100
6 1113
6 1121
6 1122
6 1125
6 1126
6 1128
6 1129
6 1137
6 1143
6 1179
6 1180
6 1185
6 1188
6 1201
6 1209
6 1220
6 1224
6 1234
6 1239
6 1242
6 1258
6 1265
6 1271
6 1279
6 1283
6 1288
6 1289
6 1306
6 1311
6 1317
6 1324
6 1328
6 1331
6 1333
6 1334
6 1340
6 1345
6 1359
6 1367
6 1375
6 1383
6 1392
6 1402
6 1419
6 1444
6 1449
6 1456
6 1471
6 1472
6 1473
6 1483
6 1497
6 1501
6 1509
6 1522
6 1525
6 1529
6 1538
6 1555
6 1568
6 1570
6 1571
6 1578
6 1581
6 1586
6 1596
6 1598
6 1600
6 1602
6 1606
6 1619
6 1628
6 1640
6 1654
6 1664
6 1666
6 1673
6 1683
6 1686
6 1694
6 1698
6 1701
6 1715
6 1743
6 1750
6 1752
6 1753
6 1756
6 1769
6 1774
6 1796
6 1798
6 1812
6 1816
6 1817
6 1818
6 1824
6 1825
6 1843
6 1848
6 1852
6 1858
6 1870
6 1878
6 1885
6 1889
6 1895
6 1896
6 1907
6 1911
6 1914
6 1922
6 1925
6 1933
6 1936
6 1941
6 1955
6 1981
6 1987
6 1991
6 1994
6 1997
6 1999
6 2000
6 2019
6 2020
6 2028
6 2034
6 2035
6 2041
6 2050
6 2055
6 2073
6 2074
6 2082
6 2085
6 2089
6 2097
6 2103
6 2106
6 2108
6 2113
6 2117
6 2129
6 2138
6 2175
6 2177
6 2178
6 2183
6 2203
6 2208
6 2215
6 2223
6 2224
6 2229
6 2238
6 2256
6 2267
6 2270
6 2271
6 2275
6 2284
6 2298
6 2300
6 2306
6 2314
6 2319
6 2326
6 2327
6 2332
6 2339
6 2344
6 2349
6 2356
6 2370
6 2378
6 2390
6 2396
6 2403
6 2411
6 2433
6 2438
6 2477
6 2482
6 2485
6 2489
6 2492
6 2500
6 2505
6 2506
6 2510
6 2512
6 2517
6 2524
6 2529
6 2535
6 2543
6 2555
6 2557
6 2561
6 2563
6 2568
6 2577
6 2581
6 2584
6 2588
6 2591
6 2593
6 2601
6 2608
6 2636
6 2649
6 2651
6 2654
6 2660
6 2674
6 2689
6 2693
6 2695
6 2712
6 2718
6 2719
6 2723
6 2745
6 2746
6 2750
6 2751
6 2753
6 2763
6 2765
6 2768
6 2769
6 2774
6 2775
6 2776
6 2779
6 2781
6 2783
6 2787
6 2788
6 2801
6 2805
6 2807
6 2810
6 2815
6 2821
6 2824
6 2832
6 2833
6 2834
6 2837
6 2848
6 2849
6 2853
6 2854
6 2864
6 2885
6 2889
6 2912
6 2919
6 2922
6 2927
6 2928
6 2937
6 2940
6 2946
6 2950
6 2955
6 2962
6 2970
6 2983
6 2985
6 2987
6 2988
6 2990
6 3007
6 3023
6 3027
6 3033
6 3034
6 3039
6 3048
6 3054
6 3066
6 3068
6 3076
6 3079
6 3081
6 3084
6 3116
6 3123
6 3128
6 3130
6 3132
6 3139
6 3140
6 3145
6 3146
6 3149
6 3160
6 3162
6 3175
6 3183
6 3185
6 3190
6 3192
6 3197
6 3200
6 3201
6 3204
6 3205
6 3212
6 3213
6 3219
6 3224
6 3235
6 3254
6 3278
6 3282
6 3283
6 3284
6 3289
6 3296
6 3306
6 3315
6 3326
6 3337
6 3338
6 3342
6 3348
6 3350
6 3365
6 3367
6 3373
6 3382
6 3388
6 3391
6 3396
6 3397
6 3401
6 3415
6 3416
6 3420
6 3436
6 3446
6 3451
6 3481
6 3506
6 3509
6 3525
6 3538
6 3549
6 3560
6 3573
6 3582
6 3584
6 3588
6 3590
6 3592
6 3602
6 3630
6 3631
6 3642
6 3645
6 3672
6 3674
6 3676
6 3695
6 3697
6 3701
6 3704
6 3708
6 3723
6 3737
6 3745
6 3747
6 3751
6 3753
6 3757
6 3771
6 3776
6 3780
6 3787
6 3788
6 3799
6 3808
6 3823
6 3847
6 3853
6 3855
6 3856
6 3860
6 3862
6 3869
6 3871
6 3877
6 3880
6 3886
6 3890
6 3902
6 3906
6 3912
6 3917
6 3928
6 3929
6 3933
6 3949
6 3957
6 3958
6 3960
6 3977
6 3982
6 3984
6 3999
6 4012
6 4023
6 4029
6 4045
6 4052
6 4056
6 4071
6 4082
6 4085
6 4089
6 4109
6 4123
6 4132
6 4138
6 4153
6 4159
6 4168
6 4201
6 4206
6 4210
6 4213
6 4232
6 4243
6 4254
6 4255
6 4264
6 4266
6 4283
6 4288
6 4294
6 4314
6 4319
6 4327
6 4338
6 4350
6 4355
6 4359
6 4360
6 4361
6 4368
6 4378
6 4379
6 4387
6 4396
6 4399
6 4400
6 4412
6 4421
6 4426
6 4431
6 4439
6 4450
6 4453
6 4454
6 4462
6 4472
6 4474
6 4476
6 4480
6 4486
6 4489
6 4490
6 4506
6 4514
6 4524
6 4526
6 4542
6 4544
6 4549
6 4560
6 4577
6 4592
6 4593
6 4594
6 4598
6 4600
6 4601
6 4602
6 4603
6 4609
6 4611
6 4615
6 4624
6 4632
6 4640
6 4653
6 4654
6 4657
6 4660
6 4666
6 4674
6 4675
6 4676
6 4682
6 4684
6 4687
6 4712
6 4734
6 4742
6 4743
6 4760
6 4761
6 4765
6 4767
6 4793
6 4795
6 4798
6 4802
6 4806
6 4813
6 4820
6 4833
6 4835
6 4844
6 4846
6 4852
6 4863
6 4864
6 4868
6 4869
6 4870
6 4872
6 4873
6 4874
6 4881
6 4898
6 4900
6 4903
6 4905
6 4909
6 4937
6 4941
6 4964
6 4968
6 4970
6 4972
6 4975
6 4998
6 5001
6 5002
6 5004
6 5010
6 5015
6 5017
6 5030
6 5034
6 5042
6 5044
6 5047
6 5050
6 5053
6 5056
6 5064
6 5074
6 5087
6 5088
6 5090
6 5099
6 5100
6 5102
6 5108
6 5109
6 5115
6 5116
6 5119
6 5122
6 5123
6 5125
6 5131
6 5132
6 5135
6 5151
6 5153
6 5165
6 5181
6 5184
6 5186
6 5187
6 5193
6 5209
6 5232
6 5238
6 5245
6 5247
6 5248
6 5251
6 5252
6 5258
6 5264
6 5272
6 5278
6 5315
6 5334
6 5337
6 5347
6 5352
6 5353
6 5355
6 5357
6 5363
6 5373
6 5385
6 5391
6 5392
6 5395
6 5401
6 5404
6 5416
6 5439
6 5442
6 5444
6 5475
6 5477
6 5479
6 5485
6 5488
6 5490
6 5502
6 5511
6 5518
6 5519
6 5529
6 5543
6 5544
6 5555
6 5557
6 5566
6 5575
6 5584
6 5592
6 5593
6 5617
6 5618
6 5622
6 5625
6 5631
6 5645
6 5647
6 5659
6 5663
6 5664
6 5665
6 5676
6 5688
6 5695
6 5696
6 5699
6 5701
6 5722
6 5740
6 5748
6 5760
6 5761
6 5765
6 5767
6 5770
6 5790
6 5791
6 5794
6 5795
6 5804
6 5824
6 5826
6 5840
6 5847
6 5849
6 5854
6 5859
6 5860
6 5863
6 5875
6 5876
6 5883
6 5892
6 5902
6 5903
6 5922
6 5924
6 5925
6 5931
6 5934
6 5936
6 5938
6 5946
6 5948
6 5955
6 5973
6 5975
6 5982
6 5983
6 5987
6 5989
6 6013
6 6020
6 6026
6 6050
6 6055
6 6058
6 6060
6 6062
6 6066
6 6078
6 6084
6 6089
6 6096
6 6106
6 6109
6 6110
6 6114
6 6120
6 6124
6 6130
6 6133
6 6142
6 6147
6 6160
6 6168
6 6172
6 6175
6 6197
6 6209
6 6233
6 6239
6 6242
6 6263
6 6264
6 6289
6 6291
6 6292
6 6301
6 6303
6 6336
6 6345
6 6369
6 6371
6 6375
6 6376
6 6377
6 6384
6 6387
6 6390
6 6404
6 6405
6 6407
6 6409
6 6411
6 6421
6 6425
6 6426
6 6429
6 6435
6 6442
6 6446
6 6451
6 6457
6 6458
6 6462
6 6464
6 6467
6 6483
6 6490
6 6491
6 6492
6 6494
6 6497
6 6500
6 6511
6 6513
6 6519
6 6520
6 6526
6 6551
6 6552
6 6561
6 6563
6 6572
6 6595
6 6596
6 6601
6 6610
6 6619
6 6623
6 6628
6 6631
6 6636
6 6642
6 6644
6 6651
6 6657
6 6667
6 6668
6 6671
6 6681
6 6683
6 6691
6 6692
6 6703
6 6705
6 6714
6 6716
6 6734
6 6736
6 6737
6 6738
6 6752
6 6764
6 6765
6 6767
6 6782
6 6787
6 6792
6 6795
6 6801
6 6810
6 6819
6 6820
6 6825
6 6837
6 6844
6 6861
6 6864
6 6866
6 6874
6 6877
6 6885
6 6891
6 6892
6 6899
6 6903
6 6906
6 6926
6 6928
6 6935
6 6942
6 6943
6 6954
6 6958
6 6959
6 6961
6 6964
6 6972
6 6973
6 6986
6 6992
6 6999
6 7002
6 7017
6 7036
6 7041
6 7043
6 7046
6 7047
6 7048
6 7057
6 7061
6 7063
6 7065
6 7071
6 7074
6 7078
6 7081
6 7097
6 7118
6 7121
6 7122
6 7141
6 7156
6 7158
6 7160
6 7167
6 7179
6 7180
6 7189
6 7194
6 7209
6 7221
6 7228
6 7231
6 7252
6 7256
6 7259
6 7269
6 7279
6 7283
6 7287
6 7295
6 7297
6 7301
6 7312
6 7318
6 7319
6 7323
6 7325
6 7330
6 7339
6 7350
6 7351
6 7366
6 7367
6 7368
6 7370
6 7373
6 7376
6 7383
6 7388
6 7399
6 7405
6 7410
6 7415
6 7418
6 7431
6 7436
6 7441
6 7444
6 7453
6 7454
6 7460
6 7464
6 7474
6 7477
6 7481
6 7491
6 7500
6 7509
6 7511
6 7532
6 7533
6 7536
6 7543
6 7551
6 7554
6 7557
6 7559
6 7578
6 7579
6 7583
6 7606
6 7607
6 7617
6 7618
6 7623
6 7632
6 7652
6 7655
6 7662
6 7679
6 7680
6 7689
6 7693
6 7696
6 7697
6 7698
6 7702
6 7709
6 7715
6 7718
6 7734
6 7737
6 7744
6 7747
6 7756
6 7765
6 7774
6 7775
6 7785
6 7787
6 7792
6 7808
6 7810
6 7815
6 7818
6 7831
6 7838
6 7849
6 7850
6 7855
6 7859
6 7878
6 7894
6 7899
6 7905
6 7912
6 7917
6 7925
6 7928
6 7930
6 7934
6 7940
6 7942
6 7991
6 8003
6 8010
6 8012
6 8021
6 8024
6 8025
6 8026
6 8036
6 8052
6 8063
6 8074
6 8075
6 8078
6 8081
6 8085
6 8096
6 8111
6 8116
6 8130
6 8137
6 8143
6 8150
6 8156
6 8160
6 8165
6 8173
6 8181
6 8185
6 8187
6 8197
6 8200
6 8203
6 8206
6 8207
6 8208
6 8212
6 8225
6 8266
6 8267
6 8285
6 8289
6 8295
6 8306
6 8307
6 8313
6 8314
6 8317
6 8332
6 8336
6 8338
6 8340
6 8341
6 8345
6 8347
6 8352
6 8357
6 8372
6 8374
6 8394
6 8405
6 8410
6 8413
6 8417
6 8422
6 8426
6 8427
6 8445
6 8451
6 8452
6 8455
6 8459
6 8463
6 8477
6 8489
6 8509
6 8512
6 8518
6 8519
6 8522
6 8523
6 8539
6 8550
6 8554
6 8560
6 8563
6 8565
6 8575
6 8587
6 8589
6 8591
6 8597
6 8601
6 8631
6 8633
6 8646
6 8651
6 8658
6 8676
6 8683
6 8692
6 8694
6 8700
6 8701
6 8704
6 8706
6 8714
6 8719
6 8726
6 8735
6 8748
6 8753
6 8754
6 8755
6 8758
6 8762
6 8773
6 8775
6 8779
6 8790
6 8791
6 8794
6 8807
6 8810
6 8824
6 8854
6 8862
6 8865
6 8867
6 8875
6 8885
6 8886
6 8888
6 8897
6 8901
6 8911
6 8912
6 8914
6 8926
6 8931
6 8936
6 8944
6 8954
6 8958
6 8963
6 8964
6 8985
6 8989
6 8995
6 9000
6 9010
6 9012
6 9025
6 9032
6 9036
6 9040
6 9041
6 9051
6 9055
6 9067
6 9071
6 9085
6 9099
6 9102
6 9103
6 9109
6 9111
6 9120
6 9129
6 9133
6 9139
6 9141
6 9146
6 9150
6 9156
6 9164
6 9166
6 9168
6 9169
6 9176
6 9178
6 9184
6 9185
6 9187
6 9202
6 9209
6 9229
6 9230
6 9243
6 9254
6 9257
6 9266
6 9274
6 9282
6 9286
6 9289
6 9291
6 9293
6 9308
6 9317
6 9331
6 9333
6 9334
6 9335
6 9345
6 9346
6 9349
6 9353
6 9356
6 9369
6 9375
6 9388
6 9394
6 9395
6 9403
6 9408
6 9416
6 9420
6 9422
6 9424
6 9431
6 9432
6 9435
6 9439
6 9446
6 9451
6 9453
6 9458
6 9475
6 9477
6 9489
6 9495
6 9511
6 9514
6 9521
6 9527
6 9528
6 9531
6 9543
6 9546
6 9551
6 9555
6 9564
6 9571
6 9575
6 9581
6 9582
6 9595
6 9615
6 9619
6 9627
6 9634
6 9638
6 9639
6 9647
6 9652
6 9657
6 9658
6 9664
6 9672
6 9673
6 9677
6 9678
6 9686
6 9706
6 9720
6 9721
6 9735
6 9737
6 9746
6 9758
6 9760
6 9762
6 9763
6 9765
6 9769
6 9772
6 9781
6 9782
6 9792
6 9797
6 9798
6 9802
6 9806
6 9807
6 9814
6 9818
6 9839
6 9847
6 9886
6 9888
6 9895
6 9910
6 9914
6 9928
6 9933
6 9935
6 9946
6 9956
6 9959
6 9971
6 9987
6 9988
6 9989
6 9993
5 2
5 5
5 6
5 14
5 19
5 23
5 33
5 36
5 39
5 41
5 43
5 44
5 46
5 47
5 49
5 50
5 56
5 57
5 66
5 69
5 82
5 84
5 88
5 93
5 94
5 95
5 98
5 103
5 104
5 109
5 110
5 111
5 112
5 115
5 123
5 125
5 126
5 131
5 142
5 143
5 151
5 157
5 162
5 165
5 167
5 168
5 171
5 172
5 176
5 177
5 183
5 184
5 197
5 198
5 200
5 207
5 212
5 215
5 217
5 225
5 230
5 235
5 263
5 272
5 273
5 277
5 280
5 284
5 286
5 293
5 308
5 312
5 320
5 323
5 324
5 327
5 328
5 330
5 332
5 337
5 339
5 343
5 345
5 349
5 363
5 368
5 371
5 373
5 375
5 379
5 391
5 395
5 398
5 405
5 406
5 407
5 412
5 414
5 426
5 428
5 432
5 441
5 444
5 447
5 451
5 452
5 467
5 471
5 477
5 483
5 494
5 495
5 498
5 499
5 507
5 521
5 523
5 531
5 532
5 533
5 536
5 539
5 541
5 543
5 545
5 546
5 550
5 551
5 555
5 558
5 563
5 565
5 566
5 569
5 573
5 575
5 576
5 577
5 590
5 592
5 594
5 597
5 607
5 610
5 615
5 616
5 619
5 622
5 638
5 641
5 642
5 645
5 652
5 654
5 663
5 668
5 677
5 678
5 692
5 695
5 696
5 699
5 700
5 725
5 734
5 736
5 737
5 742
5 743
5 749
5 753
5 754
5 767
5 777
5 779
5 786
5 792
5 795
5 798
5 800
5 801
5 811
5 812
5 816
5 826
5 849
5 852
5 853
5 858
5 862
5 865
5 867
5 876
5 880
5 894
5 897
5 898
5 914
5 923
5 925
5 930
5 951
5 952
5 953
5 959
5 967
5 976
5 977
5 978
5 981
5 994
5 1009
5 1010
5 1012
5 1024
5 1035
5 1038
5 1039
5 1041
5 1045
5 1046
5 1057
5 1061
5 1065
5 1070
5 1085
5 1087
5 1095
5 1103
5 1104
5 1105
5 1109
5 1110
5 1114
5 1115
5 1117
5 1123
5 1130
5 1135
5 1142
5 1146
5 1147
5 1149
5 1151
5 1152
5 1153
5 1158
5 1159
5 1169
5 1175
5 1186
5 1187
5 1206
5 1222
5 1228
5 1229
5 1241
5 1244
5 1245
5 1246
5 1248
5 1249
5 1251
5 1259
5 1262
5 1267
5 1268
5 1273
5 1277
5 1281
5 1307
5 1309
5 1313
5 1315
5 1321
5 1323
5 1332
5 1341
5 1344
5 1346
5 1349
5 1353
5 1361
5 1370
5 1373
5 1379
5 1384
5 1388
5 1389
5 1393
5 1394
5 1399
5 1406
5 1409
5 1413
5 1417
5 1418
5 1421
5 1430
5 1433
5 1434
5 1436
5 1438
5 1442
5 1447
5 1448
5 1451
5 1455
5 1457
5 1460
5 1465
5 1468
5 1481
5 1484
5 1496
5 1500
5 1502
5 1506
5 1510
5 1512
5 1514
5 1515
5 1518
5 1528
5 1531
5 1535
5 1536
5 1541
5 1547
5 1548
5 1550
5 1561
5 1563
5 1569
5 1572
5 1574
5 1585
5 1590
5 1603
5 1605
5 1609
5 1618
5 1620
5 1621
5 1635
5 1636
5 1643
5 1647
5 1650
5 1655
5 1667
5 1668
5 1671
5 1681
5 1688
5 1689
5 1697
5 1699
5 1704
5 1705
5 1720
5 1724
5 1725
5 1726
5 1730
5 1733
5 1734
5 1737
5 1738
5 1739
5 1754
5 1762
5 1764
5 1768
5 1771
5 1775
5 1778
5 1780
5 1787
5 1789
5 1791
5 1802
5 1809
5 1814
5 1821
5 1827
5 1831
5 1832
5 1838
5 1841
5 1844
5 1846
5 1854
5 1855
5 1857
5 1862
5 1865
5 1868
5 1869
5 1872
5 1875
5 1881
5 1887
5 1906
5 1909
5 1910
5 1912
5 1913
5 1926
5 1932
5 1944
5 1949
5 1964
5 1965
5 1979
5 1998
5 2001
5 2006
5 2008
5 2013
5 2015
5 2017
5 2026
5 2029
5 2031
5 2048
5 2051
5 2052
5 2072
5 2081
5 2088
5 2090
5 2093
5 2095
5 2099
5 2100
5 2101
5 2104
5 2107
5 2110
5 2112
5 2116
5 2120
5 2121
5 2123
5 2131
5 2140
5 2141
5 2143
5 2144
5 2145
5 2148
5 2151
5 2158
5 2159
5 2160
5 2162
5 2173
5 2182
5 2184
5 2185
5 2187
5 2190
5 2194
5 2201
5 2204
5 2219
5 2225
5 2231
5 2236
5 2253
5 2254
5 2264
5 2272
5 2273
5 2278
5 2286
5 2289
5 2291
5 2294
5 2299
5 2304
5 2310
5 2322
5 2323
5 2325
5 2329
5 2331
5 2334
5 2342
5 2350
5 2352
5 2355
5 2362
5 2365
5 2366
5 2373
5 2374
5 2381
5 2384
5 2395
5 2406
5 2407
5 2412
5 2415
5 2416
5 2417
5 2435
5 2439
5 2441
5 2451
5 2465
5 2470
5 2481
5 2483
5 2493
5 2494
5 2497
5 2502
5 2511
5 2513
5 2516
5 2526
5 2530
5 2538
5 2544
5 2545
5 2548
5 2549
5 2554
5 2556
5 2562
5 2565
5 2570
5 2572
5 2578
5 2582
5 2586
5 2598
5 2602
5 2603
5 2604
5 2607
5 2618
5 2620
5 2624
5 2628
5 2629
5 2637
5 2643
5 2645
5 2646
5 2653
5 2658
5 2666
5 2671
5 2672
5 2680
5 2697
5 2703
5 2706
5 2727
5 2733
5 2738
5 2743
5 2747
5 2758
5 2759
5 2784
5 2789
5 2793
5 2817
5 2818
5 2819
5 2820
5 2825
5 2826
5 2827
5 2839
5 2840
5 2851
5 2867
5 2870
5 2873
5 2881
5 2884
5 2890
5 2891
5 2893
5 2900
5 2903
5 2906
5 2909
5 2917
5 2918
5 2920
5 2923
5 2930
5 2953
5 2954
5 2958
5 2971
5 2974
5 2980
5 2982
5 2992
5 2994
5 2999
5 3011
5 3014
5 3015
5 3018
5 3024
5 3035
5 3036
5 3037
5 3041
5 3043
5 3050
5 3051
5 3052
5 3069
5 3070
5 3074
5 3075
5 3077
5 3078
5 3083
5 3087
5 3089
5 3093
5 3098
5 3099
5 3102
5 3108
5 3117
5 3119
5 3121
5 3124
5 3125
5 3133
5 3138
5 3142
5 3154
5 3167
5 3169
5 3170
5 3182
5 3187
5 3189
5 3191
5 3194
5 3199
5 3202
5 3227
5 3233
5 3245
5 3249
5 3250
5 3255
5 3258
5 3259
5 3261
5 3262
5 3264
5 3265
5 3266
5 3268
5 3273
5 3274
5 3279
5 3286
5 3291
5 3293
5 3295
5 3297
5 3298
5 3302
5 3312
5 3313
5 3314
5 3317
5 3322
5 3325
5 3334
5 3339
5 3356
5 3357
5 3359
5 3364
5 3368
5 3370
5 3371
5 3379
5 3384
5 3386
5 3389
5 3392
5 3404
5 3406
5 3407
5 3408
5 3418
5 3424
5 3426
5 3429
5 3430
5 3433
5 3434
5 3441
5 3449
5 3455
5 3458
5 3461
5 3463
5 3465
5 3468
5 3469
5 3473
5 3475
5 3478
5 3483
5 3485
5 3492
5 3497
5 3501
5 3511
5 3521
5 3522
5 3524
5 3526
5 3527
5 3529
5 3530
5 3550
5 3552
5 3556
5 3557
5 3563
5 3564
5 3565
5 3579
5 3586
5 3596
5 3605
5 3606
5 3607
5 3614
5 3618
5 3621
5 3622
5 3626
5 3636
5 3638
5 3639
5 3644
5 3646
5 3649
5 3661
5 3664
5 3670
5 3681
5 3684
5 3690
5 3692
5 3694
5 3715
5 3722
5 3726
5 3729
5 3732
5 3735
5 3736
5 3746
5 3750
5 3752
5 3759
5 3761
5 3773
5 3778
5 3779
5 3782
5 3786
5 3791
5 3800
5 3801
5 3805
5 3806
5 3810
5 3814
5 3819
5 3829
5 3837
5 3839
5 3840
5 3841
5 3842
5 3843
5 3851
5 3854
5 3859
5 3867
5 3868
5 3872
5 3879
5 3883
5 3893
5 3895
5 3897
5 3900
5 3901
5 3903
5 3911
5 3914
5 3919
5 3921
5 3922
5 3927
5 3931
5 3936
5 3939
5 3945
5 3946
5 3950
5 3955
5 3956
5 3962
5 3963
5 3965
5 3966
5 3983
5 3989
5 4000
5 4001
5 4016
5 4022
5 4025
5 4027
5 4037
5 4040
5 4041
5 4043
5 4044
5 4047
5 4049
5 4050
5 4058
5 4059
5 4061
5 4065
5 4066
5 4079
5 4081
5 4083
5 4096
5 4099
5 4100
5 4108
5 4115
5 4121
5 4127
5 4142
5 4151
5 4152
5 4157
5 4166
5 4180
5 4186
5 4191
5 4193
5 4194
5 4195
5 4199
5 4200
5 4203
5 4205
5 4209
5 4215
5 4220
5 4224
5 4226
5 4227
5 4234
5 4235
5 4239
5 4245
5 4249
5 4261
5 4270
5 4277
5 4279
5 4285
5 4286
5 4287
5 4289
5 4296
5 4297
5 4300
5 4302
5 4306
5 4313
5 4315
5 4317
5 4321
5 4323
5 4324
5 4335
5 4343
5 4348
5 4358
5 4362
5 4363
5 4365
5 4369
5 4372
5 4380
5 4381
5 4382
5 4389
5 4391
5 4395
5 4403
5 4410
5 4414
5 4417
5 4419
5 4436
5 4437
5 4438
5 4444
5 4446
5 4457
5 4458
5 4460
5 4464
5 4465
5 4484
5 4492
5 4494
5 4511
5 4515
5 4519
5 4555
5 4562
5 4566
5 4569
5 4574
5 4582
5 4583
5 4584
5 4587
5 4591
5 4604
5 4605
5 4607
5 4613
5 4616
5 4617
5 4620
5 4626
5 4630
5 4635
5 4636
5 4639
5 4641
5 4645
5 4659
5 4661
5 4663
5 4665
5 4672
5 4679
5 4686
5 4690
5 4696
5 4697
5 4700
5 4702
5 4709
5 4710
5 4717
5 4719
5 4723
5 4725
5 4726
5 4729
5 4735
5 4740
5 4741
5 4745
5 4746
5 4752
5 4755
5 4769
5 4775
5 4780
5 4783
5 4797
5 4803
5 4807
5 4808
5 4809
5 4810
5 4811
5 4812
5 4816
5 4825
5 4831
5 4832
5 4845
5 4879
5 4880
5 4886
5 4888
5 4890
5 4891
5 4895
5 4897
5 4910
5 4922
5 4923
5 4939
5 4944
5 4946
5 4947
5 4967
5 4976
5 4978
5 4984
5 4999
5 5000
5 5011
5 5016
5 5021
5 5025
5 5026
5 5029
5 5038
5 5041
5 5043
5 5048
5 5049
5 5057
5 5058
5 5060
5 5070
5 5080
5 5086
5 5091
5 5092
5 5096
5 5101
5 5106
5 5107
5 5114
5 5126
5 5127
5 5128
5 5134
5 5159
5 5168
5 5173
5 5185
5 5196
5 5197
5 5203
5 5206
5 5213
5 5214
5 5215
5 5221
5 5223
5 5227
5 5240
5 5255
5 5259
5 5260
5 5261
5 5262
5 5268
5 5270
5 5276
5 5279
5 5283
5 5284
5 5286
5 5288
5 5291
5 5294
5 5296
5 5299
5 5305
5 5307
5 5309
5 5316
5 5317
5 5322
5 5328
5 5330
5 5335
5 5336
5 5338
5 5340
5 5345
5 5358
5 5364
5 5365
5 5374
5 5376
5 5379
5 5383
5 5402
5 5406
5 5407
5 5408
5 5415
5 5419
5 5420
5 5424
5 5430
5 5432
5 5433
5 5435
5 5436
5 5452
5 5454
5 5460
5 5466
5 5467
5 5468
5 5472
5 5473
5 5486
5 5497
5 5498
5 5499
5 5505
5 5508
5 5515
5 5522
5 5523
5 5525
5 5536
5 5540
5 5541
5 5548
5 5554
5 5563
5 5577
5 5582
5 5590
5 5591
5 5597
5 5602
5 5623
5 5624
5 5627
5 5632
5 5633
5 5636
5 5637
5 5638
5 5641
5 5650
5 5653
5 5669
5 5671
5 5674
5 5678
5 5681
5 5686
5 5687
5 5689
5 5692
5 5706
5 5713
5 5719
5 5726
5 5730
5 5736
5 5739
5 5746
5 5756
5 5763
5 5772
5 5787
5 5788
5 5796
5 5797
5 5800
5 5803
5 5807
5 5808
5 5814
5 5817
5 5822
5 5827
5 5828
5 5832
5 5833
5 5835
5 5838
5 5845
5 5846
5 5851
5 5861
5 5869
5 5870
5 5872
5 5880
5 5888
5 5891
5 5898
5 5904
5 5909
5 5912
5 5915
5 5927
5 5935
5 5937
5 5943
5 5949
5 5962
5 5965
5 5971
5 5981
5 5985
5 5994
5 6000
5 6002
5 6005
5 6007
5 6015
5 6016
5 6024
5 6035
5 6037
5 6040
5 6045
5 6049
5 6052
5 6054
5 6056
5 6063
5 6067
5 6085
5 6090
5 6092
5 6098
5 6099
5 6100
5 6113
5 6115
5 6123
5 6127
5 6149
5 6151
5 6164
5 6166
5 6171
5 6178
5 6189
5 6195
5 6196
5 6198
5 6206
5 6215
5 6218
5 6224
5 6228
5 6234
5 6236
5 6247
5 6252
5 6254
5 6255
5 6256
5 6258
5 6259
5 6260
5 6261
5 6271
5 6277
5 6283
5 6284
5 6286
5 6288
5 6294
5 6295
5 6299
5 6306
5 6312
5 6313
5 6315
5 6318
5 6320
5 6330
5 6335
5 6337
5 6342
5 6344
5 6348
5 6351
5 6358
5 6360
5 6363
5 6368
5 6370
5 6373
5 6374
5 6378
5 6385
5 6389
5 6395
5 6399
5 6412
5 6415
5 6417
5 6418
5 6420
5 6422
5 6423
5 6424
5 6430
5 6431
5 6432
5 6434
5 6441
5 6449
5 6460
5 6461
5 6470
5 6472
5 6476
5 6477
5 6481
5 6484
5 6502
5 6503
5 6505
5 6507
5 6522
5 6525
5 6527
5 6529
5 6533
5 6534
5 6543
5 6547
5 6559
5 6578
5 6580
5 6585
5 6590
5 6592
5 6593
5 6599
5 6600
5 6604
5 6608
5 6624
5 6626
5 6629
5 6630
5 6632
5 6638
5 6640
5 6646
5 6649
5 6650
5 6654
5 6658
5 6659
5 6664
5 6669
5 6674
5 6677
5 6678
5 6682
5 6685
5 6686
5 6688
5 6693
5 6698
5 6702
5 6706
5 6710
5 6713
5 6715
5 6717
5 6720
5 6725
5 6748
5 6750
5 6755
5 6758
5 6763
5 6774
5 6777
5 6781
5 6783
5 6794
5 6809
5 6822
5 6823
5 6827
5 6828
5 6838
5 6846
5 6848
5 6852
5 6858
5 6859
5 6868
5 6869
5 6872
5 6882
5 6884
5 6886
5 6887
5 6890
5 6901
5 6908
5 6909
5 6912
5 6916
5 6919
5 6920
5 6937
5 6946
5 6952
5 6953
5 6962
5 6963
5 6966
5 6974
5 6978
5 6982
5 6983
5 6996
5 7010
5 7011
5 7013
5 7020
5 7025
5 7031
5 7051
5 7052
5 7054
5 7055
5 7058
5 7066
5 7068
5 7070
5 7075
5 7083
5 7107
5 7108
5 7109
5 7110
5 7113
5 7115
5 7116
5 7120
5 7126
5 7127
5 7128
5 7135
5 7136
5 7137
5 7138
5 7144
5 7148
5 7149
5 7154
5 7162
5 7164
5 7165
5 7166
5 7171
5 7176
5 7182
5 7186
5 7188
5 7196
5 7207
5 7212
5 7215
5 7216
5 7220
5 7227
5 7229
5 7238
5 7240
5 7242
5 7243
5 7247
5 7249
5 7261
5 7264
5 7266
5 7268
5 7270
5 7271
5 7276
5 7278
5 7281
5 7293
5 7309
5 7324
5 7332
5 7337
5 7338
5 7341
5 7342
5 7345
5 7349
5 7352
5 7357
5 7361
5 7365
5 7371
5 7375
5 7377
5 7380
5 7385
5 7396
5 7404
5 7407
5 7411
5 7414
5 7417
5 7419
5 7424
5 7425
5 7429
5 7432
5 7437
5 7439
5 7440
5 7443
5 7448
5 7449
5 7450
5 7452
5 7472
5 7480
5 7486
5 7487
5 7489
5 7495
5 7502
5 7504
5 7514
5 7515
5 7516
5 7517
5 7518
5 7524
5 7526
5 7527
5 7538
5 7542
5 7546
5 7548
5 7550
5 7556
5 7560
5 7561
5 7569
5 7574
5 7575
5 7588
5 7593
5 7595
5 7601
5 7603
5 7605
5 7615
5 7634
5 7641
5 7651
5 7653
5 7669
5 7674
5 7676
5 7681
5 7683
5 7688
5 7691
5 7703
5 7710
5 7712
5 7721
5 7732
5 7741
5 7743
5 7745
5 7746
5 7751
5 7755
5 7766
5 7768
5 7769
5 7770
5 7779
5 7781
5 7786
5 7789
5 7793
5 7796
5 7806
5 7809
5 7813
5 7816
5 7817
5 7835
5 7837
5 7842
5 7845
5 7846
5 7856
5 7868
5 7870
5 7873
5 7876
5 7877
5 7880
5 7886
5 7889
5 7893
5 7900
5 7903
5 7904
5 7907
5 7910
5 7913
5 7914
5 7915
5 7921
5 7924
5 7929
5 7939
5 7943
5 7944
5 7946
5 7954
5 7963
5 7964
5 7965
5 7967
5 7968
5 7973
5 7975
5 7980
5 7981
5 7983
5 7986
5 7990
5 7992
5 8001
5 8004
5 8005
5 8008
5 8013
5 8018
5 8029
5 8033
5 8038
5 8040
5 8045
5 8046
5 8047
5 8049
5 8055
5 8062
5 8066
5 8067
5 8080
5 8089
5 8091
5 8092
5 8093
5 8104
5 8106
5 8114
5 8117
5 8119
5 8128
5 8148
5 8149
5 8151
5 8154
5 8157
5 8159
5 8166
5 8167
5 8171
5 8172
5 8174
5 8176
5 8179
5 8183
5 8186
5 8188
5 8190
5 8191
5 8198
5 8210
5 8211
5 8215
5 8218
5 8219
5 8228
5 8229
5 8231
5 8235
5 8237
5 8239
5 8243
5 8249
5 8257
5 8261
5 8264
5 8265
5 8269
5 8288
5 8294
5 8296
5 8300
5 8304
5 8308
5 8323
5 8329
5 8330
5 8331
5 8333
5 8344
5 8346
5 8348
5 8359
5 8365
5 8367
5 8370
5 8379
5 8380
5 8383
5 8384
5 8386
5 8389
5 8400
5 8406
5 8412
5 8418
5 8419
5 8424
5 8425
5 8429
5 8434
5 8442
5 8443
5 8446
5 8450
5 8453
5 8466
5 8470
5 8474
5 8476
5 8481
5 8484
5 8494
5 8501
5 8503
5 8504
5 8516
5 8530
5 8532
5 8534
5 8540
5 8546
5 8548
5 8549
5 8562
5 8571
5 8576
5 8580
5 8592
5 8598
5 8605
5 8606
5 8609
5 8610
5 8618
5 8620
5 8627
5 8634
5 8635
5 8649
5 8654
5 8655
5 8662
5 8664
5 8667
5 8675
5 8679
5 8684
5 8687
5 8690
5 8702
5 8705
5 8708
5 8711
5 8724
5 8732
5 8733
5 8734
5 8738
5 8741
5 8743
5 8749
5 8756
5 8760
5 8770
5 8774
5 8787
5 8789
5 8795
5 8796
5 8805
5 8812
5 8815
5 8834
5 8839
5 8842
5 8845
5 8853
5 8860
5 8861
5 8868
5 8869
5 8877
5 8887
5 8890
5 8899
5 8900
5 8907
5 8915
5 8921
5 8924
5 8940
5 8943
5 8948
5 8949
5 8953
5 8960
5 8968
5 8973
5 8979
5 8983
5 8987
5 8991
5 8993
5 8997
5 9004
5 9005
5 9011
5 9013
5 9014
5 9020
5 9021
5 9022
5 9037
5 9042
5 9046
5 9052
5 9059
5 9073
5 9075
5 9077
5 9078
5 9080
5 9091
5 9097
5 9101
5 9108
5 9112
5 9114
5 9123
5 9126
5 9127
5 9130
5 9131
5 9142
5 9148
5 9149
5 9155
5 9170
5 9171
5 9175
5 9188
5 9191
5 9193
5 9201
5 9206
5 9221
5 9222
5 9238
5 9240
5 9241
5 9246
5 9250
5 9260
5 9269
5 9272
5 9277
5 9278
5 9281
5 9288
5 9290
5 9297
5 9310
5 9311
5 9312
5 9315
5 9319
5 9320
5 9328
5 9338
5 9339
5 9344
5 9347
5 9358
5 9362
5 9364
5 9366
5 9376
5 9382
5 9384
5 9386
5 9389
5 9393
5 9411
5 9417
5 9419
5 9421
5 9430
5 9438
5 9440
5 9442
5 9444
5 9445
5 9447
5 9449
5 9456
5 9459
5 9460
5 9463
5 9464
5 9467
5 9472
5 9476
5 9478
5 9479
5 9480
5 9482
5 9490
5 9496
5 9500
5 9506
5 9519
5 9522
5 9536
5 9539
5 9544
5 9548
5 9557
5 9562
5 9568
5 9569
5 9574
5 9576
5 9579
5 9584
5 9587
5 9588
5 9591
5 9599
5 9600
5 9606
5 9608
5 9610
5 9612
5 9617
5 9623
5 9626
5 9628
5 9633
5 9635
5 9641
5 9642
5 9643
5 9650
5 9655
5 9661
5 9667
5 9668
5 9676
5 9696
5 9697
5 9698
5 9699
5 9702
5 9703
5 9704
5 9717
5 9724
5 9726
5 9729
5 9730
5 9732
5 9738
5 9740
5 9741
5 9742
5 9744
5 9751
5 9753
5 9754
5 9764
5 9775
5 9780
5 9784
5 9786
5 9789
5 9790
5 9801
5 9809
5 9810
5 9811
5 9812
5 9813
5 9824
5 9827
5 9836
5 9842
5 9844
5 9851
5 9855
5 9856
5 9857
5 9865
5 9866
5 9868
5 9876
5 9878
5 9891
5 9896
5 9897
5 9899
5 9903
5 9907
5 9911
5 9912
5 9923
5 9934
5 9938
5 9939
5 9951
5 9961
5 9963
5 9965
5 9967
5 9969
5 9974
5 9975
5 9979
5 9991
4 1
4 4
4 7
4 8
4 12
4 16
4 17
4 25
4 27
4 35
4 38
4 52
4 55
4 65
4 72
4 73
4 85
4 90
4 92
4 96
4 97
4 100
4 105
4 107
4 113
4 122
4 124
4 130
4 133
4 135
4 146
4 149
4 156
4 159
4 160
4 174
4 181
4 182
4 194
4 203
4 206
4 209
4 211
4 214
4 216
4 218
4 222
4 226
4 229
4 231
4 232
4 234
4 236
4 237
4 242
4 243
4 244
4 248
4 250
4 253
4 255
4 256
4 258
4 266
4 267
4 275
4 279
4 296
4 298
4 302
4 304
4 306
4 315
4 316
4 317
4 329
4 336
4 338
4 341
4 346
4 348
4 352
4 354
4 356
4 357
4 358
4 360
4 370
4 376
4 380
4 381
4 385
4 388
4 390
4 394
4 396
4 399
4 400
4 409
4 410
4 411
4 413
4 417
4 419
4 420
4 423
4 427
4 430
4 431
4 433
4 436
4 437
4 440
4 442
4 443
4 448
4 449
4 464
4 466
4 482
4 484
4 485
4 486
4 487
4 489
4 490
4 496
4 502
4 504
4 505
4 508
4 510
4 512
4 514
4 515
4 529
4 534
4 535
4 540
4 542
4 547
4 548
4 556
4 559
4 560
4 561
4 567
4 568
4 578
4 579
4 582
4 585
4 589
4 593
4 598
4 599
4 601
4 606
4 608
4 613
4 614
4 617
4 620
4 625
4 626
4 627
4 631
4 634
4 636
4 647
4 651
4 656
4 658
4 664
4 666
4 667
4 672
4 674
4 676
4 679
4 680
4 681
4 682
4 684
4 693
4 697
4 698
4 704
4 705
4 712
4 714
4 716
4 718
4 721
4 726
4 727
4 731
4 738
4 745
4 751
4 752
4 759
4 762
4 764
4 765
4 766
4 773
4 789
4 791
4 793
4 796
4 797
4 803
4 804
4 806
4 807
4 810
4 815
4 818
4 819
4 820
4 824
4 828
4 833
4 841
4 856
4 860
4 869
4 870
4 871
4 873
4 874
4 875
4 883
4 884
4 885
4 887
4 888
4 889
4 890
4 892
4 906
4 909
4 911
4 919
4 927
4 929
4 933
4 934
4 940
4 942
4 943
4 945
4 950
4 954
4 956
4 957
4 958
4 961
4 963
4 964
4 965
4 966
4 968
4 969
4 974
4 975
4 984
4 987
4 989
4 996
4 997
4 999
4 1001
4 1006
4 1014
4 1015
4 1016
4 1018
4 1019
4 1020
4 1028
4 1029
4 1036
4 1043
4 1044
4 1047
4 1049
4 1055
4 1063
4 1067
4 1068
4 1069
4 1079
4 1080
4 1081
4 1088
4 1089
4 1090
4 1091
4 1093
4 1102
4 1112
4 1119
4 1131
4 1134
4 1138
4 1140
4 1141
4 1145
4 1150
4 1157
4 1170
4 1172
4 1173
4 1181
4 1183
4 1189
4 1193
4 1194
4 1195
4 1197
4 1198
4 1199
4 1200
4 1205
4 1210
4 1212
4 1214
4 1217
4 1221
4 1223
4 1225
4 1226
4 1230
4 1231
4 1232
4 1237
4 1243
4 1250
4 1252
4 1254
4 1261
4 1263
4 1266
4 1270
4 1272
4 1274
4 1275
4 1276
4 1280
4 1287
4 1291
4 1292
4 1294
4 1298
4 1303
4 1305
4 1312
4 1318
4 1319
4 1322
4 1326
4 1329
4 1330
4 1339
4 1342
4 1343
4 1348
4 1356
4 1357
4 1360
4 1362
4 1363
4 1364
4 1376
4 1401
4 1403
4 1407
4 1410
4 1411
4 1412
4 1414
4 1415
4 1416
4 1423
4 1427
4 1439
4 1440
4 1441
4 1443
4 1446
4 1458
4 1459
4 1463
4 1464
4 1469
4 1470
4 1474
4 1477
4 1480
4 1485
4 1487
4 1491
4 1493
4 1494
4 1495
4 1499
4 1505
4 1507
4 1508
4 1511
4 1516
4 1517
4 1521
4 1530
4 1532
4 1533
4 1537
4 1542
4 1543
4 1545
4 1546
4 1558
4 1564
4 1566
4 1567
4 1573
4 1576
4 1580
4 1582
4 1592
4 1594
4 1597
4 1607
4 1608
4 1610
4 1612
4 1614
4 1615
4 1616
4 1624
4 1632
4 1637
4 1641
4 1642
4 1653
4 1656
4 1660
4 1669
4 1670
4 1672
4 1674
4 1675
4 1678
4 1682
4 1684
4 1687
4 1690
4 1695
4 1707
4 1708
4 1710
4 1711
4 1712
4 1713
4 1716
4 1718
4 1723
4 1728
4 1732
4 1736
4 1744
4 1745
4 1747
4 1748
4 1757
4 1759
4 1760
4 1765
4 1770
4 1772
4 1782
4 1785
4 1788
4 1790
4 1795
4 1801
4 1804
4 1808
4 1813
4 1815
4 1822
4 1833
4 1835
4 1836
4 1837
4 1842
4 1849
4 1850
4 1851
4 1864
4 1866
4 1877
4 1879
4 1880
4 1883
4 1884
4 1888
4 1894
4 1901
4 1908
4 1920
4 1924
4 1927
4 1934
4 1935
4 1940
4 1943
4 1946
4 1950
4 1951
4 1952
4 1953
4 1956
4 1958
4 1959
4 1960
4 1961
4 1966
4 1967
4 1974
4 1975
4 1976
4 1982
4 1983
4 1989
4 1990
4 2002
4 2009
4 2010
4 2011
4 2012
4 2014
4 2016
4 2018
4 2022
4 2023
4 2024
4 2025
4 2033
4 2037
4 2039
4 2042
4 2043
4 2046
4 2047
4 2056
4 2057
4 2065
4 2068
4 2076
4 2086
4 2091
4 2092
4 2094
4 2096
4 2111
4 2118
4 2124
4 2125
4 2127
4 2134
4 2136
4 2139
4 2152
4 2154
4 2156
4 2157
4 2164
4 2166
4 2168
4 2169
4 2170
4 2171
4 2179
4 2186
4 2191
4 2193
4 2195
4 2197
4 2198
4 2199
4 2205
4 2206
4 2210
4 2211
4 2214
4 2218
4 2220
4 2235
4 2240
4 2241
4 2242
4 2243
4 2244
4 2245
4 2248
4 2251
4 2252
4 2257
4 2258
4 2274
4 2285
4 2290
4 2292
4 2293
4 2295
4 2296
4 2301
4 2302
4 2303
4 2308
4 2309
4 2312
4 2313
4 2315
4 2316
4 2324
4 2336
4 2347
4 2348
4 2351
4 2353
4 2358
4 2359
4 2364
4 2369
4 2375
4 2377
4 2379
4 2380
4 2382
4 2387
4 2388
4 2389
4 2392
4 2393
4 2399
4 2400
4 2401
4 2413
4 2419
4 2423
4 2425
4 2426
4 2428
4 2429
4 2430
4 2432
4 2437
4 2440
4 2445
4 2447
4 2449
4 2452
4 2454
4 2455
4 2456
4 2462
4 2464
4 2466
4 2467
4 2471
4 2472
4 2473
4 2475
4 2479
4 2480
4 2488
4 2490
4 2495
4 2496
4 2498
4 2507
4 2518
4 2520
4 2521
4 2536
4 2537
4 2539
4 2540
4 2550
4 2551
4 2558
4 2559
4 2560
4 2566
4 2567
4 2569
4 2571
4 2573
4 2574
4 2575
4 2580
4 2583
4 2592
4 2597
4 2599
4 2609
4 2617
4 2619
4 2631
4 2632
4 2633
4 2635
4 2638
4 2641
4 2642
4 2647
4 2657
4 2661
4 2662
4 2663
4 2664
4 2667
4 2673
4 2696
4 2698
4 2700
4 2704
4 2710
4 2715
4 2717
4 2721
4 2724
4 2726
4 2728
4 2730
4 2731
4 2732
4 2735
4 2741
4 2744
4 2748
4 2749
4 2755
4 2756
4 2760
4 2761
4 2767
4 2770
4 2771
4 2780
4 2785
4 2786
4 2797
4 2799
4 2802
4 2813
4 2814
4 2838
4 2846
4 2847
4 2852
4 2857
4 2858
4 2859
4 2861
4 2865
4 2866
4 2872
4 2875
4 2876
4 2878
4 2879
4 2880
4 2882
4 2888
4 2892
4 2899
4 2901
4 2907
4 2911
4 2924
4 2933
4 2934
4 2935
4 2936
4 2942
4 2944
4 2947
4 2951
4 2960
4 2963
4 2965
4 2969
4 2973
4 2975
4 2978
4 2986
4 2997
4 3000
4 3001
4 3005
4 3009
4 3010
4 3012
4 3025
4 3028
4 3030
4 3032
4 3040
4 3044
4 3053
4 3058
4 3059
4 3060
4 3061
4 3073
4 3082
4 3085
4 3086
4 3088
4 3095
4 3096
4 3097
4 3100
4 3101
4 3107
4 3109
4 3112
4 3113
4 3115
4 3127
4 3129
4 3134
4 3137
4 3143
4 3147
4 3155
4 3165
4 3168
4 3171
4 3173
4 3174
4 3176
4 3177
4 3178
4 3179
4 3186
4 3193
4 3196
4 3207
4 3209
4 3210
4 3220
4 3222
4 3223
4 3230
4 3231
4 3234
4 3236
4 3240
4 3242
4 3243
4 3244
4 3246
4 3247
4 3256
4 3257
4 3260
4 3263
4 3269
4 3271
4 3272
4 3285
4 3290
4 3292
4 3304
4 3308
4 3327
4 3328
4 3332
4 3336
4 3341
4 3344
4 3346
4 3349
4 3351
4 3352
4 3353
4 3358
4 3362
4 3372
4 3380
4 3398
4 3399
4 3403
4 3409
4 3410
4 3411
4 3417
4 3422
4 3423
4 3428
4 3439
4 3440
4 3448
4 3452
4 3453
4 3457
4 3460
4 3466
4 3470
4 3471
4 3479
4 3480
4 3482
4 3484
4 3486
4 3489
4 3490
4 3493
4 3494
4 3498
4 3500
4 3505
4 3507
4 3508
4 3510
4 3513
4 3514
4 3515
4 3516
4 3518
4 3519
4 3528
4 3531
4 3533
4 3535
4 3536
4 3537
4 3540
4 3544
4 3548
4 3551
4 3554
4 3558
4 3562
4 3566
4 3567
4 3568
4 3569
4 3572
4 3574
4 3577
4 3578
4 3581
4 3585
4 3593
4 3597
4 3598
4 3600
4 3603
4 3608
4 3609
4 3612
4 3619
4 3625
4 3632
4 3633
4 3634
4 3637
4 3641
4 3643
4 3650
4 3653
4 3654
4 3658
4 3660
4 3665
4 3666
4 3667
4 3668
4 3669
4 3685
4 3688
4 3693
4 3698
4 3705
4 3707
4 3710
4 3711
4 3716
4 3718
4 3719
4 3728
4 3730
4 3733
4 3739
4 3749
4 3755
4 3760
4 3768
4 3770
4 3772
4 3774
4 3777
4 3785
4 3790
4 3793
4 3795
4 3807
4 3809
4 3811
4 3812
4 3813
4 3818
4 3820
4 3824
4 3827
4 3830
4 3831
4 3832
4 3834
4 3835
4 3846
4 3850
4 3852
4 3861
4 3875
4 3876
4 3884
4 3889
4 3892
4 3894
4 3896
4 3898
4 3899
4 3904
4 3905
4 3908
4 3918
4 3920
4 3932
4 3940
4 3942
4 3948
4 3964
4 3968
4 3970
4 3971
4 3972
4 3975
4 3976
4 3978
4 3981
4 3987
4 3988
4 3990
4 3992
4 3995
4 3996
4 4003
4 4007
4 4011
4 4013
4 4014
4 4015
4 4017
4 4018
4 4019
4 4024
4 4028
4 4031
4 4032
4 4033
4 4038
4 4046
4 4048
4 4051
4 4060
4 4062
4 4067
4 4072
4 4074
4 4077
4 4084
4 4086
4 4087
4 4088
4 4090
4 4092
4 4094
4 4097
4 4098
4 4101
4 4104
4 4105
4 4106
4 4112
4 4114
4 4118
4 4119
4 4124
4 4126
4 4129
4 4133
4 4136
4 4141
4 4143
4 4144
4 4148
4 4154
4 4156
4 4160
4 4161
4 4162
4 4165
4 4169
4 4170
4 4176
4 4177
4 4181
4 4182
4 4183
4 4187
4 4188
4 4189
4 4197
4 4202
4 4207
4 4208
4 4212
4 4216
4 4218
4 4219
4 4225
4 4231
4 4233
4 4244
4 4248
4 4250
4 4251
4 4253
4 4258
4 4265
4 4268
4 4269
4 4272
4 4273
4 4274
4 4290
4 4291
4 4298
4 4301
4 4303
4 4308
4 4309
4 4310
4 4311
4 4312
4 4316
4 4320
4 4325
4 4326
4 4328
4 4334
4 4336
4 4339
4 4341
4 4344
4 4346
4 4349
4 4351
4 4352
4 4354
4 4356
4 4357
4 4364
4 4367
4 4375
4 4377
4 4384
4 4388
4 4397
4 4398
4 4405
4 4407
4 4408
4 4409
4 4423
4 4424
4 4425
4 4433
4 4434
4 4435
4 4442
4 4445
4 4448
4 4452
4 4456
4 4469
4 4470
4 4475
4 4481
4 4482
4 4485
4 4493
4 4500
4 4501
4 4508
4 4510
4 4516
4 4517
4 4518
4 4522
4 4523
4 4529
4 4533
4 4537
4 4540
4 4541
4 4543
4 4545
4 4548
4 4550
4 4551
4 4552
4 4554
4 4556
4 4558
4 4561
4 4563
4 4572
4 4580
4 4586
4 4606
4 4612
4 4621
4 4622
4 4623
4 4625
4 4628
4 4631
4 4638
4 4646
4 4647
4 4649
4 4656
4 4658
4 4664
4 4667
4 4668
4 4671
4 4677
4 4681
4 4688
4 4689
4 4691
4 4692
4 4698
4 4699
4 4701
4 4704
4 4708
4 4714
4 4718
4 4720
4 4722
4 4724
4 4728
4 4731
4 4732
4 4736
4 4738
4 4749
4 4751
4 4753
4 4762
4 4766
4 4774
4 4776
4 4778
4 4779
4 4782
4 4789
4 4790
4 4796
4 4801
4 4804
4 4805
4 4814
4 4818
4 4821
4 4823
4 4826
4 4828
4 4829
4 4830
4 4836
4 4838
4 4840
4 4847
4 4855
4 4859
4 4862
4 4867
4 4877
4 4878
4 4883
4 4884
4 4887
4 4892
4 4894
4 4896
4 4899
4 4901
4 4904
4 4907
4 4912
4 4913
4 4917
4 4919
4 4921
4 4924
4 4927
4 4928
4 4931
4 4933
4 4934
4 4935
4 4936
4 4938
4 4940
4 4942
4 4943
4 4945
4 4950
4 4952
4 4953
4 4955
4 4956
4 4957
4 4961
4 4962
4 4963
4 4969
4 4971
4 4973
4 4977
4 4979
4 4980
4 4983
4 4989
4 4992
4 4993
4 4997
4 5013
4 5014
4 5020
4 5022
4 5027
4 5032
4 5035
4 5036
4 5037
4 5039
4 5040
4 5045
4 5046
4 5052
4 5061
4 5063
4 5066
4 5069
4 5072
4 5075
4 5078
4 5079
4 5081
4 5083
4 5085
4 5089
4 5093
4 5113
4 5118
4 5141
4 5142
4 5143
4 5144
4 5150
4 5154
4 5155
4 5156
4 5157
4 5160
4 5162
4 5166
4 5170
4 5172
4 5174
4 5176
4 5177
4 5180
4 5183
4 5190
4 5194
4 5198
4 5199
4 5201
4 5202
4 5210
4 5211
4 5217
4 5226
4 5228
4 5229
4 5231
4 5233
4 5235
4 5239
4 5242
4 5244
4 5254
4 5266
4 5275
4 5285
4 5287
4 5289
4 5290
4 5293
4 5295
4 5300
4 5301
4 5302
4 5308
4 5310
4 5323
4 5325
4 5327
4 5332
4 5333
4 5342
4 5343
4 5346
4 5348
4 5349
4 5351
4 5354
4 5356
4 5359
4 5361
4 5366
4 5367
4 5370
4 5371
4 5378
4 5381
4 5382
4 5393
4 5394
4 5397
4 5398
4 5399
4 5403
4 5425
4 5429
4 5431
4 5437
4 5438
4 5440
4 5443
4 5445
4 5446
4 5449
4 5450
4 5453
4 5455
4 5458
4 5461
4 5465
4 5469
4 5470
4 5471
4 5476
4 5478
4 5482
4 5487
4 5495
4 5500
4 5506
4 5510
4 5512
4 5524
4 5526
4 5527
4 5528
4 5531
4 5535
4 5537
4 5538
4 5542
4 5549
4 5550
4 5551
4 5553
4 5556
4 5559
4 5561
4 5564
4 5565
4 5567
4 5568
4 5574
4 5578
4 5580
4 5581
4 5587
4 5588
4 5594
4 5598
4 5599
4 5600
4 5603
4 5606
4 5607
4 5610
4 5612
4 5613
4 5614
4 5615
4 5616
4 5621
4 5626
4 5628
4 5629
4 5634
4 5639
4 5640
4 5642
4 5644
4 5646
4 5649
4 5651
4 5655
4 5658
4 5660
4 5670
4 5672
4 5679
4 5680
4 5690
4 5691
4 5693
4 5698
4 5702
4 5705
4 5710
4 5715
4 5717
4 5718
4 5720
4 5724
4 5725
4 5727
4 5728
4 5729
4 5731
4 5732
4 5733
4 5735
4 5741
4 5742
4 5743
4 5747
4 5752
4 5753
4 5764
4 5766
4 5769
4 5784
4 5786
4 5789
4 5792
4 5801
4 5802
4 5809
4 5811
4 5812
4 5813
4 5816
4 5818
4 5829
4 5831
4 5836
4 5843
4 5848
4 5852
4 5853
4 5862
4 5867
4 5884
4 5885
4 5887
4 5896
4 5899
4 5900
4 5905
4 5906
4 5907
4 5910
4 5916
4 5917
4 5918
4 5919
4 5923
4 5928
4 5929
4 5930
4 5932
4 5941
4 5942
4 5947
4 5951
4 5954
4 5957
4 5959
4 5960
4 5961
4 5963
4 5964
4 5967
4 5972
4 5977
4 5978
4 5979
4 5980
4 5984
4 5986
4 5990
4 5993
4 5995
4 5996
4 5998
4 5999
4 6001
4 6004
4 6006
4 6009
4 6011
4 6012
4 6014
4 6023
4 6032
4 6042
4 6048
4 6057
4 6059
4 6061
4 6065
4 6068
4 6069
4 6071
4 6074
4 6077
4 6079
4 6080
4 6081
4 6086
4 6088
4 6093
4 6094
4 6101
4 6102
4 6103
4 6107
4 6111
4 6116
4 6118
4 6125
4 6128
4 6134
4 6136
4 6137
4 6140
4 6144
4 6146
4 6150
4 6152
4 6153
4 6154
4 6155
4 6158
4 6163
4 6167
4 6169
4 6173
4 6174
4 6177
4 6188
4 6191
4 6194
4 6201
4 6202
4 6203
4 6208
4 6210
4 6212
4 6217
4 6219
4 6223
4 6225
4 6229
4 6231
4 6238
4 6240
4 6248
4 6267
4 6268
4 6272
4 6273
4 6276
4 6280
4 6296
4 6297
4 6304
4 6307
4 6311
4 6322
4 6325
4 6328
4 6329
4 6333
4 6334
4 6338
4 6339
4 6340
4 6341
4 6346
4 6356
4 6364
4 6365
4 6366
4 6367
4 6379
4 6380
4 6382
4 6386
4 6391
4 6397
4 6400
4 6401
4 6403
4 6406
4 6408
4 6419
4 6428
4 6433
4 6436
4 6440
4 6443
4 6448
4 6471
4 6474
4 6475
4 6482
4 6486
4 6487
4 6489
4 6496
4 6498
4 6508
4 6516
4 6517
4 6518
4 6524
4 6528
4 6530
4 6532
4 6535
4 6540
4 6544
4 6545
4 6553
4 6557
4 6560
4 6562
4 6567
4 6568
4 6569
4 6574
4 6575
4 6577
4 6579
4 6583
4 6584
4 6586
4 6591
4 6594
4 6597
4 6598
4 6602
4 6605
4 6606
4 6612
4 6613
4 6614
4 6616
4 6618
4 6620
4 6621
4 6622
4 6625
4 6633
4 6635
4 6641
4 6643
4 6647
4 6655
4 6656
4 6660
4 6661
4 6665
4 6670
4 6672
4 6676
4 6679
4 6689
4 6690
4 6695
4 6697
4 6701
4 6707
4 6708
4 6709
4 6712
4 6719
4 6726
4 6728
4 6730
4 6732
4 6744
4 6745
4 6746
4 6749
4 6751
4 6756
4 6762
4 6768
4 6770
4 6772
4 6773
4 6776
4 6778
4 6780
4 6784
4 6785
4 6793
4 6799
4 6800
4 6803
4 6805
4 6807
4 6816
4 6817
4 6818
4 6826
4 6831
4 6835
4 6836
4 6843
4 6845
4 6847
4 6850
4 6853
4 6862
4 6863
4 6865
4 6870
4 6875
4 6878
4 6879
4 6880
4 6889
4 6895
4 6897
4 6898
4 6900
4 6904
4 6907
4 6910
4 6911
4 6917
4 6918
4 6921
4 6927
4 6930
4 6932
4 6939
4 6945
4 6947
4 6948
4 6949
4 6950
4 6951
4 6955
4 6967
4 6976
4 6977
4 6980
4 6981
4 6988
4 6989
4 6993
4 6994
4 6995
4 7001
4 7004
4 7014
4 7015
4 7018
4 7021
4 7023
4 7024
4 7029
4 7030
4 7034
4 7035
4 7037
4 7040
4 7049
4 7059
4 7060
4 7069
4 7072
4 7082
4 7085
4 7087
4 7093
4 7098
4 7099
4 7100
4 7101
4 7103
4 7112
4 7117
4 7123
4 7129
4 7132
4 7133
4 7147
4 7151
4 7155
4 7168
4 7178
4 7183
4 7184
4 7187
4 7192
4 7195
4 7197
4 7199
4 7201
4 7204
4 7206
4 7208
4 7211
4 7218
4 7219
4 7222
4 7223
4 7224
4 7225
4 7230
4 7233
4 7235
4 7237
4 7239
4 7241
4 7245
4 7248
4 7251
4 7253
4 7258
4 7263
4 7280
4 7282
4 7285
4 7286
4 7289
4 7291
4 7292
4 7299
4 7302
4 7303
4 7304
4 7314
4 7316
4 7317
4 7320
4 7326
4 7327
4 7333
4 7334
4 7336
4 7354
4 7360
4 7362
4 7374
4 7381
4 7382
4 7386
4 7390
4 7397
4 7398
4 7400
4 7401
4 7403
4 7406
4 7413
4 7421
4 7426
4 7427
4 7428
4 7442
4 7447
4 7451
4 7457
4 7465
4 7467
4 7468
4 7471
4 7473
4 7478
4 7479
4 7488
4 7494
4 7499
4 7501
4 7503
4 7510
4 7513
4 7519
4 7522
4 7523
4 7528
4 7529
4 7530
4 7534
4 7539
4 7544
4 7547
4 7553
4 7555
4 7558
4 7565
4 7566
4 7567
4 7568
4 7570
4 7576
4 7577
4 7584
4 7587
4 7591
4 7594
4 7599
4 7602
4 7608
4 7609
4 7611
4 7614
4 7621
4 7624
4 7627
4 7635
4 7636
4 7643
4 7646
4 7650
4 7658
4 7659
4 7660
4 7661
4 7670
4 7677
4 7678
4 7682
4 7684
4 7687
4 7699
4 7700
4 7701
4 7708
4 7714
4 7716
4 7717
4 7719
4 7720
4 7723
4 7726
4 7727
4 7728
4 7733
4 7736
4 7739
4 7740
4 7748
4 7760
4 7762
4 7764
4 7771
4 7773
4 7776
4 7780
4 7783
4 7790
4 7791
4 7797
4 7800
4 7801
4 7805
4 7811
4 7812
4 7820
4 7821
4 7828
4 7830
4 7832
4 7833
4 7841
4 7843
4 7848
4 7852
4 7853
4 7857
4 7860
4 7861
4 7862
4 7863
4 7864
4 7865
4 7869
4 7872
4 7879
4 7882
4 7883
4 7885
4 7896
4 7901
4 7902
4 7906
4 7909
4 7920
4 7927
4 7932
4 7935
4 7936
4 7941
4 7948
4 7950
4 7951
4 7956
4 7959
4 7961
4 7966
4 7970
4 7985
4 7988
4 7989
4 7995
4 7996
4 7997
4 7998
4 8000
4 8002
4 8007
4 8015
4 8017
4 8020
4 8022
4 8028
4 8032
4 8035
4 8037
4 8042
4 8043
4 8048
4 8050
4 8051
4 8053
4 8054
4 8056
4 8060
4 8064
4 8069
4 8071
4 8072
4 8076
4 8082
4 8084
4 8087
4 8090
4 8095
4 8097
4 8098
4 8100
4 8107
4 8108
4 8109
4 8110
4 8112
4 8120
4 8122
4 8123
4 8124
4 8126
4 8133
4 8135
4 8136
4 8138
4 8139
4 8141
4 8142
4 8146
4 8147
4 8152
4 8158
4 8168
4 8170
4 8175
4 8177
4 8180
4 8189
4 8195
4 8196
4 8199
4 8204
4 8209
4 8220
4 8222
4 8224
4 8227
4 8230
4 8232
4 8233
4 8238
4 8241
4 8244
4 8251
4 8254
4 8256
4 8258
4 8259
4 8260
4 8263
4 8268
4 8272
4 8275
4 8276
4 8278
4 8279
4 8282
4 8284
4 8286
4 8297
4 8298
4 8299
4 8305
4 8309
4 8310
4 8312
4 8315
4 8321
4 8324
4 8328
4 8334
4 8335
4 8349
4 8350
4 8353
4 8354
4 8355
4 8361
4 8371
4 8373
4 8377
4 8378
4 8381
4 8385
4 8387
4 8396
4 8397
4 8399
4 8401
4 8402
4 8408
4 8409
4 8414
4 8428
4 8430
4 8431
4 8432
4 8436
4 8439
4 8441
4 8447
4 8454
4 8457
4 8460
4 8465
4 8467
4 8469
4 8479
4 8482
4 8483
4 8485
4 8487
4 8490
4 8495
4 8496
4 8500
4 8506
4 8507
4 8510
4 8515
4 8526
4 8528
4 8529
4 8533
4 8535
4 8538
4 8552
4 8553
4 8556
4 8557
4 8561
4 8568
4 8569
4 8574
4 8578
4 8583
4 8584
4 8585
4 8588
4 8593
4 8594
4 8595
4 8596
4 8602
4 8608
4 8611
4 8612
4 8613
4 8615
4 8617
4 8621
4 8622
4 8623
4 8641
4 8643
4 8652
4 8653
4 8656
4 8661
4 8673
4 8677
4 8678
4 8685
4 8686
4 8688
4 8689
4 8693
4 8703
4 8707
4 8709
4 8710
4 8712
4 8713
4 8715
4 8718
4 8720
4 8722
4 8723
4 8725
4 8730
4 8731
4 8736
4 8737
4 8739
4 8740
4 8742
4 8745
4 8746
4 8751
4 8757
4 8764
4 8767
4 8768
4 8771
4 8778
4 8781
4 8782
4 8784
4 8786
4 8788
4 8792
4 8798
4 8799
4 8800
4 8802
4 8803
4 8813
4 8816
4 8819
4 8820
4 8821
4 8823
4 8827
4 8831
4 8835
4 8836
4 8838
4 8843
4 8847
4 8849
4 8850
4 8852
4 8857
4 8858
4 8864
4 8870
4 8871
4 8873
4 8879
4 8882
4 8883
4 8891
4 8894
4 8898
4 8902
4 8903
4 8905
4 8916
4 8922
4 8925
4 8932
4 8933
4 8935
4 8938
4 8951
4 8952
4 8956
4 8959
4 8961
4 8967
4 8970
4 8978
4 8982
4 8988
4 8992
4 8996
4 8998
4 9001
4 9002
4 9006
4 9008
4 9015
4 9017
4 9018
4 9028
4 9029
4 9034
4 9038
4 9043
4 9047
4 9049
4 9054
4 9057
4 9058
4 9060
4 9062
4 9065
4 9066
4 9068
4 9070
4 9081
4 9089
4 9095
4 9100
4 9105
4 9106
4 9107
4 9113
4 9115
4 9119
4 9122
4 9125
4 9136
4 9140
4 9145
4 9154
4 9157
4 9159
4 9160
4 9161
4 9172
4 9174
4 9180
4 9183
4 9189
4 9190
4 9194
4 9196
4 9198
4 9199
4 9212
4 9218
4 9219
4 9225
4 9227
4 9228
4 9231
4 9234
4 9235
4 9242
4 9244
4 9245
4 9247
4 9251
4 9253
4 9258
4 9263
4 9264
4 9265
4 9267
4 9271
4 9283
4 9284
4 9285
4 9287
4 9292
4 9294
4 9301
4 9309
4 9313
4 9314
4 9323
4 9326
4 9327
4 9330
4 9332
4 9336
4 9340
4 9341
4 9342
4 9343
4 9348
4 9351
4 9352
4 9354
4 9355
4 9361
4 9363
4 9367
4 9371
4 9373
4 9374
4 9377
4 9378
4 9379
4 9380
4 9383
4 9387
4 9390
4 9397
4 9398
4 9399
4 9405
4 9410
4 9412
4 9415
4 9425
4 9426
4 9427
4 9433
4 9437
4 9441
4 9448
4 9452
4 9454
4 9455
4 9457
4 9465
4 9469
4 9470
4 9471
4 9473
4 9474
4 9483
4 9485
4 9486
4 9488
4 9491
4 9502
4 9503
4 9507
4 9508
4 9526
4 9534
4 9542
4 9545
4 9552
4 9553
4 9556
4 9558
4 9559
4 9560
4 9563
4 9565
4 9566
4 9578
4 9583
4 9589
4 9592
4 9593
4 9598
4 9601
4 9602
4 9629
4 9637
4 9640
4 9646
4 9649
4 9656
4 9659
4 9666
4 9669
4 9675
4 9682
4 9692
4 9694
4 9707
4 9710
4 9713
4 9715
4 9718
4 9722
4 9725
4 9727
4 9728
4 9731
4 9743
4 9745
4 9747
4 9749
4 9750
4 9755
4 9756
4 9757
4 9766
4 9768
4 9773
4 9776
4 9778
4 9791
4 9793
4 9794
4 9796
4 9800
4 9808
4 9815
4 9819
4 9820
4 9822
4 9823
4 9825
4 9826
4 9829
4 9831
4 9832
4 9833
4 9834
4 9837
4 9838
4 9840
4 9841
4 9845
4 9848
4 9849
4 9852
4 9858
4 9859
4 9860
4 9861
4 9869
4 9873
4 9875
4 9884
4 9885
4 9894
4 9900
4 9904
4 9909
4 9913
4 9920
4 9921
4 9927
4 9929
4 9931
4 9937
4 9941
4 9944
4 9945
4 9947
4 9949
4 9953
4 9955
4 9962
4 9973
4 9977
4 9980
4 9982
4 9984
4 9985
4 9990
4 9992
3 0
3 13
3 20
3 22
3 24
3 29
3 30
3 32
3 40
3 45
3 48
3 53
3 58
3 63
3 64
3 67
3 68
3 71
3 79
3 81
3 83
3 101
3 102
3 114
3 116
3 117
3 129
3 136
3 137
3 138
3 139
3 144
3 148
3 153
3 155
3 158
3 163
3 173
3 180
3 185
3 186
3 204
3 213
3 219
3 223
3 228
3 239
3 240
3 246
3 247
3 254
3 260
3 262
3 265
3 268
3 269
3 270
3 283
3 289
3 290
3 295
3 303
3 309
3 311
3 314
3 331
3 347
3 353
3 355
3 361
3 362
3 364
3 365
3 366
3 367
3 369
3 372
3 374
3 377
3 378
3 382
3 383
3 384
3 401
3 402
3 403
3 404
3 416
3 418
3 424
3 429
3 434
3 435
3 439
3 445
3 450
3 453
3 460
3 461
3 462
3 463
3 470
3 474
3 475
3 478
3 479
3 497
3 500
3 501
3 506
3 518
3 528
3 530
3 549
3 552
3 557
3 574
3 584
3 587
3 591
3 595
3 612
3 618
3 629
3 630
3 635
3 643
3 649
3 660
3 662
3 675
3 687
3 688
3 690
3 691
3 694
3 715
3 720
3 732
3 733
3 739
3 746
3 747
3 748
3 750
3 757
3 768
3 771
3 776
3 781
3 782
3 784
3 794
3 799
3 813
3 822
3 823
3 825
3 829
3 831
3 832
3 838
3 840
3 843
3 845
3 846
3 847
3 850
3 859
3 868
3 877
3 879
3 882
3 886
3 891
3 900
3 902
3 922
3 924
3 928
3 935
3 936
3 938
3 948
3 955
3 960
3 982
3 991
3 992
3 1017
3 1022
3 1026
3 1030
3 1031
3 1050
3 1053
3 1056
3 1058
3 1059
3 1071
3 1073
3 1074
3 1075
3 1077
3 1078
3 1086
3 1097
3 1106
3 1108
3 1111
3 1120
3 1127
3 1132
3 1133
3 1136
3 1154
3 1156
3 1160
3 1161
3 1162
3 1163
3 1166
3 1174
3 1176
3 1177
3 1178
3 1182
3 1190
3 1191
3 1192
3 1196
3 1203
3 1207
3 1218
3 1227
3 1233
3 1238
3 1240
3 1256
3 1269
3 1282
3 1284
3 1286
3 1296
3 1297
3 1299
3 1304
3 1314
3 1320
3 1327
3 1335
3 1336
3 1337
3 1352
3 1354
3 1355
3 1366
3 1368
3 1377
3 1380
3 1381
3 1382
3 1385
3 1386
3 1397
3 1398
3 1404
3 1408
3 1422
3 1426
3 1428
3 1431
3 1445
3 1450
3 1452
3 1453
3 1461
3 1467
3 1486
3 1489
3 1490
3 1520
3 1523
3 1524
3 1539
3 1544
3 1553
3 1557
3 1565
3 1575
3 1577
3 1579
3 1593
3 1595
3 1599
3 1601
3 1604
3 1611
3 1613
3 1617
3 1622
3 1625
3 1626
3 1630
3 1631
3 1633
3 1634
3 1638
3 1639
3 1651
3 1658
3 1659
3 1661
3 1662
3 1663
3 1676
3 1677
3 1679
3 1685
3 1700
3 1702
3 1703
3 1709
3 1714
3 1717
3 1719
3 1722
3 1729
3 1731
3 1735
3 1749
3 1763
3 1767
3 1773
3 1779
3 1781
3 1783
3 1784
3 1786
3 1792
3 1793
3 1799
3 1806
3 1811
3 1828
3 1829
3 1847
3 1853
3 1856
3 1859
3 1860
3 1861
3 1867
3 1876
3 1882
3 1886
3 1890
3 1891
3 1892
3 1893
3 1897
3 1898
3 1899
3 1903
3 1904
3 1905
3 1916
3 1917
3 1921
3 1929
3 1931
3 1938
3 1939
3 1942
3 1945
3 1948
3 1957
3 1962
3 1968
3 1969
3 1971
3 1985
3 1988
3 1992
3 1996
3 2005
3 2021
3 2032
3 2036
3 2040
3 2044
3 2049
3 2058
3 2060
3 2062
3 2063
3 2067
3 2069
3 2070
3 2075
3 2077
3 2078
3 2087
3 2098
3 2114
3 2115
3 2122
3 2135
3 2137
3 2142
3 2146
3 2150
3 2163
3 2165
3 2167
3 2176
3 2180
3 2181
3 2192
3 2202
3 2212
3 2213
3 2216
3 2217
3 2221
3 2222
3 2226
3 2227
3 2228
3 2230
3 2232
3 2234
3 2237
3 2246
3 2247
3 2249
3 2250
3 2255
3 2262
3 2263
3 2265
3 2266
3 2269
3 2276
3 2277
3 2279
3 2282
3 2283
3 2287
3 2288
3 2305
3 2307
3 2317
3 2318
3 2320
3 2335
3 2340
3 2341
3 2345
3 2346
3 2354
3 2363
3 2367
3 2368
3 2371
3 2372
3 2385
3 2386
3 2394
3 2398
3 2404
3 2405
3 2408
3 2409
3 2414
3 2421
3 2422
3 2431
3 2442
3 2443
3 2444
3 2448
3 2450
3 2453
3 2457
3 2460
3 2461
3 2463
3 2468
3 2474
3 2476
3 2486
3 2503
3 2508
3 2514
3 2522
3 2523
3 2528
3 2541
3 2542
3 2546
3 2547
3 2576
3 2594
3 2595
3 2596
3 2605
3 2606
3 2613
3 2614
3 2616
3 2623
3 2625
3 2627
3 2634
3 2640
3 2648
3 2655
3 2659
3 2665
3 2668
3 2670
3 2676
3 2678
3 2679
3 2683
3 2684
3 2686
3 2687
3 2688
3 2691
3 2692
3 2699
3 2701
3 2707
3 2708
3 2709
3 2713
3 2714
3 2720
3 2722
3 2729
3 2734
3 2737
3 2739
3 2740
3 2742
3 2752
3 2754
3 2762
3 2772
3 2790
3 2791
3 2792
3 2794
3 2795
3 2800
3 2803
3 2804
3 2809
3 2822
3 2823
3 2829
3 2831
3 2835
3 2842
3 2843
3 2860
3 2862
3 2883
3 2886
3 2896
3 2898
3 2905
3 2908
3 2913
3 2914
3 2915
3 2916
3 2921
3 2925
3 2926
3 2932
3 2943
3 2945
3 2948
3 2957
3 2964
3 2968
3 2976
3 2991
3 2993
3 2995
3 2996
3 2998
3 3003
3 3017
3 3020
3 3029
3 3038
3 3042
3 3046
3 3047
3 3056
3 3057
3 3062
3 3063
3 3065
3 3067
3 3080
3 3090
3 3092
3 3094
3 3104
3 3114
3 3122
3 3126
3 3131
3 3135
3 3148
3 3151
3 3152
3 3153
3 3161
3 3163
3 3166
3 3172
3 3181
3 3195
3 3215
3 3217
3 3221
3 3226
3 3228
3 3229
3 3232
3 3237
3 3238
3 3241
3 3251
3 3267
3 3270
3 3277
3 3280
3 3281
3 3288
3 3301
3 3305
3 3307
3 3309
3 3319
3 3320
3 3323
3 3324
3 3329
3 3331
3 3333
3 3340
3 3347
3 3354
3 3355
3 3366
3 3369
3 3375
3 3376
3 3377
3 3381
3 3383
3 3385
3 3387
3 3390
3 3395
3 3400
3 3402
3 3412
3 3425
3 3427
3 3431
3 3432
3 3435
3 3438
3 3442
3 3444
3 3445
3 3447
3 3450
3 3454
3 3456
3 3464
3 3467
3 3477
3 3487
3 3488
3 3495
3 3502
3 3503
3 3504
3 3512
3 3517
3 3520
3 3523
3 3532
3 3534
3 3539
3 3541
3 3542
3 3543
3 3553
3 3559
3 3561
3 3575
3 3576
3 3583
3 3591
3 3594
3 3595
3 3599
3 3601
3 3604
3 3610
3 3611
3 3615
3 3616
3 3617
3 3620
3 3627
3 3640
3 3648
3 3651
3 3652
3 3655
3 3657
3 3659
3 3663
3 3671
3 3675
3 3677
3 3679
3 3682
3 3686
3 3699
3 3700
3 3712
3 3717
3 3720
3 3727
3 3738
3 3754
3 3756
3 3762
3 3763
3 3764
3 3769
3 3775
3 3781
3 3783
3 3789
3 3792
3 3794
3 3796
3 3797
3 3802
3 3803
3 3816
3 3817
3 3825
3 3836
3 3845
3 3848
3 3849
3 3857
3 3864
3 3865
3 3866
3 3870
3 3874
3 3882
3 3885
3 3888
3 3913
3 3916
3 3923
3 3926
3 3934
3 3935
3 3937
3 3938
3 3941
3 3944
3 3952
3 3954
3 3961
3 3967
3 3969
3 3985
3 3986
3 3993
3 3994
3 4006
3 4009
3 4026
3 4030
3 4036
3 4039
3 4042
3 4053
3 4063
3 4070
3 4076
3 4078
3 4080
3 4091
3 4102
3 4111
3 4113
3 4116
3 4128
3 4131
3 4134
3 4135
3 4140
3 4145
3 4149
3 4155
3 4163
3 4164
3 4172
3 4173
3 4174
3 4175
3 4179
3 4185
3 4192
3 4196
3 4204
3 4211
3 4221
3 4223
3 4229
3 4237
3 4238
3 4241
3 4242
3 4247
3 4256
3 4257
3 4260
3 4262
3 4275
3 4278
3 4282
3 4299
3 4304
3 4305
3 4330
3 4337
3 4340
3 4366
3 4373
3 4376
3 4383
3 4390
3 4402
3 4406
3 4415
3 4416
3 4418
3 4427
3 4429
3 4443
3 4449
3 4451
3 4455
3 4463
3 4466
3 4468
3 4483
3 4487
3 4495
3 4496
3 4497
3 4498
3 4499
3 4504
3 4505
3 4513
3 4525
3 4527
3 4528
3 4530
3 4531
3 4532
3 4534
3 4535
3 4546
3 4547
3 4557
3 4559
3 4565
3 4570
3 4571
3 4573
3 4575
3 4576
3 4589
3 4590
3 4599
3 4608
3 4610
3 4618
3 4619
3 4627
3 4629
3 4633
3 4643
3 4644
3 4655
3 4669
3 4670
3 4678
3 4683
3 4685
3 4693
3 4695
3 4703
3 4705
3 4715
3 4716
3 4727
3 4739
3 4744
3 4750
3 4754
3 4757
3 4759
3 4768
3 4777
3 4788
3 4791
3 4799
3 4815
3 4819
3 4822
3 4824
3 4834
3 4837
3 4841
3 4843
3 4848
3 4850
3 4851
3 4853
3 4856
3 4861
3 4875
3 4876
3 4885
3 4889
3 4893
3 4902
3 4908
3 4911
3 4914
3 4915
3 4918
3 4920
3 4925
3 4926
3 4949
3 4958
3 4960
3 4965
3 4966
3 4974
3 4985
3 4996
3 5003
3 5006
3 5008
3 5009
3 5019
3 5023
3 5031
3 5033
3 5051
3 5059
3 5065
3 5067
3 5082
3 5084
3 5095
3 5103
3 5105
3 5111
3 5112
3 5129
3 5136
3 5139
3 5145
3 5146
3 5149
3 5152
3 5164
3 5169
3 5171
3 5179
3 5189
3 5191
3 5195
3 5200
3 5204
3 5207
3 5212
3 5219
3 5220
3 5222
3 5224
3 5234
3 5236
3 5237
3 5243
3 5246
3 5253
3 5267
3 5269
3 5271
3 5281
3 5282
3 5298
3 5304
3 5306
3 5311
3 5312
3 5313
3 5314
3 5319
3 5321
3 5329
3 5331
3 5339
3 5362
3 5368
3 5372
3 5375
3 5377
3 5380
3 5388
3 5389
3 5396
3 5400
3 5405
3 5410
3 5412
3 5413
3 5418
3 5422
3 5423
3 5427
3 5428
3 5434
3 5448
3 5462
3 5463
3 5474
3 5491
3 5492
3 5494
3 5501
3 5504
3 5507
3 5509
3 5513
3 5514
3 5517
3 5521
3 5532
3 5533
3 5534
3 5546
3 5547
3 5558
3 5560
3 5562
3 5570
3 5571
3 5572
3 5586
3 5589
3 5601
3 5604
3 5608
3 5609
3 5611
3 5619
3 5652
3 5657
3 5661
3 5668
3 5682
3 5684
3 5685
3 5697
3 5703
3 5708
3 5712
3 5714
3 5721
3 5723
3 5737
3 5738
3 5744
3 5745
3 5755
3 5757
3 5758
3 5762
3 5774
3 5775
3 5776
3 5781
3 5783
3 5798
3 5805
3 5815
3 5821
3 5823
3 5825
3 5841
3 5842
3 5844
3 5850
3 5858
3 5864
3 5866
3 5868
3 5871
3 5877
3 5881
3 5882
3 5890
3 5894
3 5901
3 5908
3 5914
3 5921
3 5933
3 5940
3 5944
3 5950
3 5952
3 5953
3 5956
3 5968
3 5969
3 5970
3 5974
3 5976
3 5991
3 5997
3 6008
3 6010
3 6018
3 6019
3 6021
3 6028
3 6033
3 6034
3 6038
3 6039
3 6041
3 6043
3 6044
3 6046
3 6047
3 6051
3 6053
3 6070
3 6075
3 6087
3 6105
3 6108
3 6112
3 6121
3 6131
3 6135
3 6138
3 6139
3 6145
3 6148
3 6156
3 6157
3 6159
3 6161
3 6162
3 6165
3 6176
3 6179
3 6180
3 6181
3 6182
3 6186
3 6187
3 6199
3 6205
3 6207
3 6211
3 6213
3 6214
3 6216
3 6220
3 6221
3 6230
3 6232
3 6243
3 6251
3 6262
3 6269
3 6275
3 6278
3 6279
3 6281
3 6285
3 6287
3 6300
3 6302
3 6305
3 6309
3 6316
3 6321
3 6323
3 6324
3 6326
3 6327
3 6343
3 6349
3 6354
3 6357
3 6361
3 6362
3 6372
3 6381
3 6410
3 6413
3 6414
3 6427
3 6444
3 6450
3 6452
3 6455
3 6456
3 6465
3 6468
3 6473
3 6478
3 6479
3 6509
3 6512
3 6515
3 6531
3 6537
3 6541
3 6542
3 6556
3 6558
3 6564
3 6565
3 6570
3 6576
3 6587
3 6588
3 6607
3 6617
3 6627
3 6634
3 6637
3 6639
3 6653
3 6662
3 6666
3 6675
3 6687
3 6694
3 6696
3 6723
3 6727
3 6729
3 6731
3 6740
3 6741
3 6743
3 6747
3 6759
3 6760
3 6771
3 6786
3 6789
3 6791
3 6797
3 6798
3 6802
3 6804
3 6806
3 6812
3 6813
3 6815
3 6829
3 6832
3 6833
3 6840
3 6841
3 6842
3 6849
3 6857
3 6860
3 6871
3 6873
3 6876
3 6881
3 6883
3 6905
3 6923
3 6924
3 6925
3 6931
3 6936
3 6938
3 6940
3 6956
3 6957
3 6960
3 6984
3 6985
3 6987
3 6991
3 7003
3 7006
3 7009
3 7016
3 7022
3 7026
3 7027
3 7028
3 7038
3 7042
3 7044
3 7053
3 7056
3 7073
3 7076
3 7077
3 7079
3 7084
3 7086
3 7092
3 7095
3 7105
3 7114
3 7124
3 7130
3 7131
3 7140
3 7142
3 7143
3 7146
3 7150
3 7153
3 7157
3 7159
3 7161
3 7170
3 7172
3 7173
3 7175
3 7190
3 7191
3 7193
3 7200
3 7203
3 7213
3 7217
3 7234
3 7244
3 7250
3 7254
3 7257
3 7267
3 7274
3 7277
3 7284
3 7288
3 7294
3 7298
3 7300
3 7306
3 7308
3 7310
3 7321
3 7328
3 7329
3 7331
3 7343
3 7346
3 7347
3 7355
3 7358
3 7359
3 7363
3 7364
3 7372
3 7378
3 7379
3 7387
3 7392
3 7393
3 7395
3 7409
3 7416
3 7422
3 7433
3 7434
3 7456
3 7458
3 7461
3 7462
3 7470
3 7475
3 7483
3 7484
3 7485
3 7490
3 7496
3 7497
3 7505
3 7506
3 7512
3 7520
3 7521
3 7525
3 7535
3 7537
3 7549
3 7552
3 7563
3 7564
3 7582
3 7585
3 7589
3 7590
3 7592
3 7596
3 7597
3 7598
3 7610
3 7613
3 7622
3 7628
3 7629
3 7633
3 7638
3 7644
3 7645
3 7647
3 7657
3 7663
3 7668
3 7672
3 7673
3 7685
3 7686
3 7690
3 7692
3 7694
3 7695
3 7704
3 7705
3 7706
3 7711
3 7724
3 7729
3 7730
3 7731
3 7735
3 7742
3 7749
3 7753
3 7757
3 7759
3 7763
3 7767
3 7778
3 7794
3 7795
3 7799
3 7803
3 7807
3 7827
3 7836
3 7839
3 7840
3 7844
3 7847
3 7851
3 7858
3 7866
3 7874
3 7875
3 7881
3 7884
3 7887
3 7890
3 7895
3 7897
3 7898
3 7908
3 7916
3 7918
3 7919
3 7923
3 7931
3 7933
3 7938
3 7945
3 7949
3 7957
3 7962
3 7969
3 7976
3 7978
3 7984
3 7987
3 7993
3 7999
3 8011
3 8014
3 8016
3 8019
3 8027
3 8030
3 8039
3 8041
3 8044
3 8058
3 8070
3 8083
3 8094
3 8102
3 8105
3 8115
3 8118
3 8121
3 8127
3 8134
3 8144
3 8145
3 8155
3 8161
3 8163
3 8164
3 8201
3 8202
3 8216
3 8217
3 8221
3 8226
3 8236
3 8240
3 8242
3 8245
3 8246
3 8247
3 8248
3 8250
3 8255
3 8270
3 8277
3 8281
3 8283
3 8287
3 8290
3 8291
3 8292
3 8301
3 8311
3 8319
3 8325
3 8343
3 8356
3 8360
3 8366
3 8369
3 8382
3 8388
3 8390
3 8393
3 8395
3 8398
3 8403
3 8404
3 8416
3 8420
3 8423
3 8435
3 8438
3 8448
3 8461
3 8462
3 8464
3 8472
3 8478
3 8480
3 8488
3 8492
3 8497
3 8505
3 8513
3 8514
3 8521
3 8524
3 8525
3 8542
3 8544
3 8545
3 8551
3 8558
3 8559
3 8564
3 8566
3 8567
3 8570
3 8572
3 8577
3 8579
3 8581
3 8582
3 8586
3 8603
3 8607
3 8616
3 8624
3 8637
3 8642
3 8644
3 8645
3 8650
3 8657
3 8660
3 8665
3 8666
3 8668
3 8669
3 8670
3 8672
3 8674
3 8682
3 8695
3 8696
3 8697
3 8716
3 8727
3 8728
3 8729
3 8759
3 8763
3 8766
3 8772
3 8777
3 8780
3 8783
3 8785
3 8811
3 8814
3 8822
3 8828
3 8829
3 8830
3 8832
3 8833
3 8837
3 8841
3 8844
3 8848
3 8851
3 8859
3 8874
3 8878
3 8880
3 8884
3 8889
3 8904
3 8908
3 8913
3 8918
3 8919
3 8928
3 8929
3 8939
3 8945
3 8950
3 8957
3 8962
3 8965
3 8966
3 8971
3 8972
3 8974
3 8975
3 8980
3 8981
3 8990
3 8994
3 8999
3 9009
3 9016
3 9024
3 9026
3 9027
3 9030
3 9031
3 9033
3 9039
3 9044
3 9048
3 9050
3 9056
3 9064
3 9072
3 9074
3 9079
3 9082
3 9087
3 9088
3 9090
3 9092
3 9093
3 9094
3 9104
3 9117
3 9124
3 9128
3 9144
3 9147
3 9151
3 9152
3 9162
3 9163
3 9165
3 9173
3 9177
3 9179
3 9181
3 9186
3 9207
3 9210
3 9211
3 9214
3 9215
3 9216
3 9220
3 9233
3 9237
3 9239
3 9249
3 9259
3 9261
3 9262
3 9270
3 9273
3 9275
3 9276
3 9280
3 9295
3 9296
3 9299
3 9303
3 9304
3 9306
3 9316
3 9318
3 9321
3 9322
3 9324
3 9325
3 9337
3 9350
3 9359
3 9360
3 9368
3 9370
3 9372
3 9385
3 9391
3 9392
3 9404
3 9406
3 9413
3 9414
3 9418
3 9428
3 9429
3 9436
3 9461
3 9462
3 9481
3 9484
3 9487
3 9492
3 9493
3 9494
3 9498
3 9499
3 9501
3 9504
3 9505
3 9509
3 9513
3 9515
3 9516
3 9517
3 9518
3 9523
3 9529
3 9530
3 9532
3 9533
3 9538
3 9540
3 9549
3 9577
3 9585
3 9590
3 9594
3 9603
3 9605
3 9611
3 9614
3 9616
3 9618
3 9620
3 9621
3 9622
3 9630
3 9631
3 9632
3 9644
3 9645
3 9648
3 9651
3 9654
3 9660
3 9662
3 9663
3 9671
3 9679
3 9680
3 9683
3 9684
3 9687
3 9688
3 9690
3 9691
3 9700
3 9701
3 9705
3 9708
3 9709
3 9711
3 9714
3 9716
3 9719
3 9723
3 9734
3 9736
3 9748
3 9759
3 9767
3 9783
3 9787
3 9788
3 9804
3 9805
3 9816
3 9843
3 9850
3 9854
3 9862
3 9863
3 9864
3 9870
3 9877
3 9881
3 9882
3 9883
3 9890
3 9893
3 9905
3 9906
3 9915
3 9916
3 9918
3 9922
3 9925
3 9926
3 9932
3 9940
3 9952
3 9954
3 9964
3 9970
3 9972
3 9978
3 9996
3 9997
3 9998
2 9
2 21
2 34
2 51
2 77
2 86
2 99
2 106
2 118
2 140
2 179
2 195
2 199
2 208
2 210
2 220
2 227
2 238
2 245
2 249
2 288
2 300
2 387
2 397
2 446
2 454
2 459
2 468
2 476
2 491
2 509
2 522
2 553
2 562
2 581
2 583
2 623
2 637
2 639
2 644
2 648
2 650
2 709
2 711
2 723
2 760
2 761
2 772
2 785
2 802
2 817
2 821
2 836
2 854
2 855
2 861
2 878
2 910
2 913
2 915
2 917
2 926
2 946
2 962
2 970
2 971
2 1002
2 1032
2 1042
2 1082
2 1101
2 1116
2 1139
2 1144
2 1148
2 1167
2 1208
2 1211
2 1213
2 1216
2 1247
2 1253
2 1290
2 1301
2 1308
2 1316
2 1358
2 1369
2 1372
2 1396
2 1405
2 1424
2 1425
2 1429
2 1462
2 1466
2 1475
2 1479
2 1503
2 1519
2 1526
2 1554
2 1559
2 1560
2 1562
2 1583
2 1588
2 1591
2 1623
2 1627
2 1629
2 1652
2 1665
2 1696
2 1727
2 1741
2 1742
2 1746
2 1751
2 1755
2 1758
2 1776
2 1777
2 1794
2 1805
2 1820
2 1863
2 1874
2 1900
2 1972
2 1977
2 2004
2 2045
2 2054
2 2059
2 2064
2 2084
2 2105
2 2132
2 2133
2 2161
2 2188
2 2189
2 2233
2 2259
2 2260
2 2261
2 2268
2 2297
2 2311
2 2321
2 2330
2 2333
2 2337
2 2343
2 2357
2 2383
2 2391
2 2418
2 2424
2 2436
2 2458
2 2478
2 2487
2 2499
2 2509
2 2527
2 2533
2 2534
2 2552
2 2587
2 2600
2 2621
2 2626
2 2630
2 2650
2 2652
2 2669
2 2675
2 2677
2 2682
2 2702
2 2705
2 2725
2 2796
2 2836
2 2871
2 2887
2 2897
2 2902
2 2929
2 2931
2 2939
2 2952
2 2959
2 2966
2 2967
2 2972
2 2979
2 2984
2 3019
2 3045
2 3072
2 3120
2 3136
2 3156
2 3157
2 3159
2 3184
2 3203
2 3211
2 3216
2 3239
2 3252
2 3275
2 3316
2 3330
2 3335
2 3343
2 3360
2 3361
2 3405
2 3414
2 3472
2 3474
2 3476
2 3546
2 3570
2 3571
2 3587
2 3613
2 3623
2 3624
2 3629
2 3635
2 3656
2 3678
2 3687
2 3702
2 3709
2 3713
2 3721
2 3725
2 3740
2 3741
2 3742
2 3804
2 3815
2 3844
2 3881
2 3887
2 3891
2 3915
2 3943
2 3979
2 3980
2 3991
2 3998
2 4002
2 4004
2 4057
2 4068
2 4073
2 4093
2 4095
2 4117
2 4120
2 4137
2 4158
2 4167
2 4171
2 4198
2 4228
2 4230
2 4252
2 4259
2 4267
2 4284
2 4295
2 4318
2 4342
2 4345
2 4353
2 4370
2 4393
2 4404
2 4430
2 4432
2 4459
2 4477
2 4478
2 4503
2 4507
2 4521
2 4536
2 4585
2 4595
2 4673
2 4680
2 4713
2 4721
2 4730
2 4733
2 4747
2 4748
2 4758
2 4763
2 4764
2 4770
2 4781
2 4784
2 4785
2 4786
2 4787
2 4817
2 4839
2 4842
2 4854
2 4857
2 4858
2 4865
2 4871
2 4929
2 4951
2 4954
2 4982
2 4994
2 5007
2 5024
2 5055
2 5062
2 5068
2 5076
2 5077
2 5094
2 5097
2 5098
2 5104
2 5110
2 5133
2 5137
2 5161
2 5163
2 5175
2 5178
2 5216
2 5241
2 5256
2 5257
2 5273
2 5274
2 5277
2 5303
2 5326
2 5341
2 5350
2 5360
2 5390
2 5417
2 5421
2 5426
2 5451
2 5457
2 5539
2 5545
2 5576
2 5579
2 5583
2 5620
2 5630
2 5643
2 5648
2 5656
2 5666
2 5667
2 5675
2 5694
2 5704
2 5749
2 5773
2 5778
2 5819
2 5865
2 5886
2 5911
2 5913
2 5920
2 5958
2 5992
2 6025
2 6031
2 6076
2 6095
2 6097
2 6104
2 6122
2 6129
2 6185
2 6192
2 6200
2 6241
2 6245
2 6246
2 6257
2 6265
2 6266
2 6270
2 6347
2 6383
2 6392
2 6393
2 6437
2 6445
2 6463
2 6469
2 6488
2 6495
2 6499
2 6504
2 6521
2 6538
2 6550
2 6555
2 6582
2 6609
2 6645
2 6673
2 6684
2 6700
2 6722
2 6733
2 6735
2 6742
2 6753
2 6769
2 6790
2 6808
2 6811
2 6814
2 6834
2 6839
2 6851
2 6854
2 6856
2 6867
2 6893
2 6896
2 6913
2 6914
2 6915
2 6934
2 6971
2 7000
2 7005
2 7039
2 7062
2 7064
2 7067
2 7080
2 7091
2 7094
2 7102
2 7106
2 7111
2 7145
2 7152
2 7169
2 7174
2 7181
2 7214
2 7262
2 7265
2 7272
2 7275
2 7296
2 7307
2 7311
2 7315
2 7340
2 7369
2 7389
2 7408
2 7435
2 7438
2 7446
2 7455
2 7459
2 7466
2 7476
2 7492
2 7493
2 7508
2 7545
2 7562
2 7572
2 7573
2 7580
2 7581
2 7616
2 7620
2 7637
2 7639
2 7640
2 7649
2 7671
2 7722
2 7772
2 7777
2 7782
2 7784
2 7788
2 7798
2 7822
2 7823
2 7825
2 7826
2 7854
2 7867
2 7891
2 7922
2 7955
2 7960
2 7971
2 7974
2 7977
2 7994
2 8057
2 8061
2 8077
2 8079
2 8103
2 8113
2 8125
2 8132
2 8140
2 8169
2 8182
2 8192
2 8194
2 8205
2 8223
2 8252
2 8253
2 8273
2 8302
2 8303
2 8316
2 8318
2 8339
2 8351
2 8362
2 8363
2 8364
2 8376
2 8407
2 8411
2 8421
2 8444
2 8471
2 8511
2 8517
2 8520
2 8531
2 8536
2 8537
2 8573
2 8604
2 8614
2 8630
2 8636
2 8647
2 8659
2 8699
2 8721
2 8752
2 8761
2 8797
2 8804
2 8808
2 8817
2 8856
2 8866
2 8881
2 8893
2 8906
2 8937
2 8942
2 9003
2 9035
2 9063
2 9076
2 9083
2 9084
2 9086
2 9121
2 9137
2 9138
2 9143
2 9153
2 9158
2 9167
2 9200
2 9213
2 9226
2 9232
2 9248
2 9256
2 9268
2 9300
2 9365
2 9381
2 9400
2 9401
2 9409
2 9450
2 9466
2 9468
2 9497
2 9550
2 9567
2 9586
2 9596
2 9597
2 9604
2 9607
2 9609
2 9624
2 9625
2 9653
2 9670
2 9674
2 9681
2 9689
2 9695
2 9712
2 9733
2 9739
2 9774
2 9846
2 9880
2 9892
2 9901
2 9917
2 9930
2 9936
2 9942
2 9943
2 9950
2 9960
2 9966
2 9976
2 9999
1 175
1 310
1 344
1 1118
1 1202
1 1978
1 2328
1 2427
1 4035
1 4332
1 4471
1 4648
1 5124
1 6022
1 6064
1 7630
1 8073
1 8508
1 8555
1 8629
1 8934
1 9132
1 9204
1 9777
